"Date","Price","Open","High","Low","Vol.","Change %"
"05/23/2025","110.31","108.09","111.01","107.67","30.87M","-0.36%"
"05/22/2025","110.71","111.90","112.64","110.61","29.25M","-1.20%"
"05/21/2025","112.06","113.85","116.10","111.09","43.59M","-1.28%"
"05/20/2025","113.51","114.35","114.51","112.08","29.03M","-1.07%"
"05/19/2025","114.74","115.01","115.53","114.06","37.74M","-2.07%"
"05/16/2025","117.17","118.07","118.24","116.01","43.42M","1.90%"
"05/15/2025","114.99","117.02","117.50","114.01","43.84M","-2.32%"
"05/14/2025","117.72","119.83","122.52","116.59","86.74M","4.68%"
"05/13/2025","112.46","109.60","113.13","109.00","55.66M","4.01%"
"05/12/2025","108.12","110.42","110.67","106.98","50.54M","5.13%"
"05/09/2025","102.84","102.58","103.54","101.60","31.70M","1.12%"
"05/08/2025","101.70","101.92","105.44","101.56","54.23M","1.34%"
"05/07/2025","100.36","100.75","103.42","96.88","86.65M","1.76%"
"05/06/2025","98.62","98.41","100.07","97.44","54.26M","-1.96%"
"05/05/2025","100.59","99.00","102.05","98.76","41.27M","1.81%"
"05/02/2025","98.80","98.40","99.88","98.30","29.96M","2.22%"
"05/01/2025","96.65","99.26","100.10","96.45","29.59M","-0.72%"
"04/30/2025","97.35","92.81","97.55","91.87","29.73M","1.34%"
"04/29/2025","96.06","95.75","97.18","95.33","20.70M","-0.34%"
"04/28/2025","96.39","95.57","97.49","94.27","30.46M","-0.26%"
"04/25/2025","96.64","93.28","97.10","92.85","28.58M","2.30%"
"04/24/2025","94.47","91.59","94.75","90.37","33.68M","4.51%"
"04/23/2025","90.39","91.88","93.74","90.12","41.10M","4.79%"
"04/22/2025","86.26","86.12","87.17","85.17","35.24M","0.82%"
"04/21/2025","85.56","86.01","86.14","83.75","33.86M","-2.22%"
"04/17/2025","87.50","88.84","89.03","86.51","34.80M","-0.89%"
"04/16/2025","88.29","87.61","90.47","85.29","62.11M","-7.35%"
"04/15/2025","95.29","94.66","96.85","94.62","28.12M","0.84%"
"04/14/2025","94.50","97.11","97.37","93.45","36.00M","1.18%"
"04/11/2025","93.40","90.51","94.76","90.50","57.89M","5.30%"
"04/10/2025","88.70","91.00","92.95","85.06","65.21M","-8.41%"
"04/09/2025","96.84","79.22","97.91","78.87","97.83M","23.82%"
"04/08/2025","78.21","86.14","88.93","76.48","69.91M","-6.49%"
"04/07/2025","83.64","80.68","89.00","77.75","70.52M","-2.47%"
"04/04/2025","85.76","90.10","91.08","83.67","65.85M","-8.57%"
"04/03/2025","93.80","97.79","99.45","93.64","50.47M","-8.90%"
"04/02/2025","102.96","101.52","104.18","100.76","20.79M","0.18%"
"04/01/2025","102.78","102.16","102.83","100.93","23.52M","0.04%"
"03/31/2025","102.74","100.24","102.82","98.80","30.87M","-0.47%"
"03/28/2025","103.22","105.53","106.51","102.48","31.07M","-3.22%"
"03/27/2025","106.65","106.11","107.62","105.55","32.77M","-3.21%"
"03/26/2025","110.19","114.11","115.90","108.68","39.98M","-4.02%"
"03/25/2025","114.81","113.26","114.95","112.71","29.08M","0.84%"
"03/24/2025","113.85","109.73","114.85","109.40","53.34M","6.96%"
"03/21/2025","106.44","105.33","107.25","104.33","30.77M","-0.65%"
"03/20/2025","107.14","105.12","108.26","105.12","26.87M","0.86%"
"03/19/2025","106.23","104.42","107.90","101.96","32.29M","2.63%"
"03/18/2025","103.51","103.85","104.55","102.97","27.15M","-1.03%"
"03/17/2025","104.59","102.60","106.15","102.60","43.69M","3.59%"
"03/14/2025","100.97","99.64","101.22","99.58","24.72M","2.92%"
"03/13/2025","98.11","99.71","100.07","97.27","28.58M","-2.66%"
"03/12/2025","100.79","99.04","101.71","98.17","34.24M","4.16%"
"03/11/2025","96.76","96.79","98.16","94.73","34.08M","0.13%"
"03/10/2025","96.63","98.57","101.29","95.83","38.73M","-3.67%"
"03/07/2025","100.31","98.88","100.65","96.39","33.25M","1.48%"
"03/06/2025","98.85","99.05","101.08","98.27","28.98M","-2.77%"
"03/05/2025","101.67","100.36","101.84","98.87","27.86M","0.91%"
"03/04/2025","100.75","96.00","103.18","95.89","54.16M","2.57%"
"03/03/2025","98.23","101.51","102.34","97.09","38.96M","-1.63%"
"02/28/2025","99.86","99.56","101.80","98.69","45.19M","0.35%"
"02/27/2025","99.51","105.08","105.76","99.50","47.26M","-4.99%"
"02/26/2025","104.74","104.94","105.80","103.99","29.18M","0.75%"
"02/25/2025","103.96","107.89","108.64","103.62","39.17M","-3.84%"
"02/24/2025","108.11","111.49","111.60","107.98","29.07M","-2.46%"
"02/21/2025","110.84","114.85","115.76","110.43","41.35M","-2.92%"
"02/20/2025","114.17","115.01","116.55","113.11","27.22M","-0.45%"
"02/19/2025","114.69","114.25","116.11","113.14","28.81M","0.36%"
"02/18/2025","114.28","114.05","115.55","113.45","31.72M","1.04%"
"02/14/2025","113.10","112.65","114.63","111.70","32.48M","1.15%"
"02/13/2025","111.81","112.00","114.60","110.40","40.91M","0.08%"
"02/12/2025","111.72","109.52","111.84","109.06","25.32M","0.56%"
"02/11/2025","111.10","108.98","113.07","108.94","35.03M","0.56%"
"02/10/2025","110.48","108.44","111.40","108.15","34.91M","2.71%"
"02/07/2025","107.56","109.13","109.92","106.79","46.08M","-2.36%"
"02/06/2025","110.16","110.93","112.56","109.02","50.43M","-1.65%"
"02/05/2025","112.01","107.61","112.09","106.50","110.61M","-6.27%"
"02/04/2025","119.50","115.45","119.85","114.79","69.41M","4.58%"
"02/03/2025","114.27","113.88","115.16","112.98","34.59M","-1.45%"
"01/31/2025","115.95","119.14","119.57","115.33","40.53M","-2.45%"
"01/30/2025","118.86","118.53","120.44","117.09","29.79M","1.29%"
"01/29/2025","117.35","115.77","118.52","114.96","40.20M","2.79%"
"01/28/2025","114.17","115.18","116.15","112.95","40.55M","-0.73%"
"01/27/2025","115.01","117.80","118.08","112.80","61.07M","-6.37%"
"01/24/2025","122.84","124.55","125.25","122.23","31.57M","-0.16%"
"01/23/2025","123.04","121.43","123.71","120.63","24.92M","-0.57%"
"01/22/2025","123.75","123.08","125.65","121.91","35.02M","1.20%"
"01/21/2025","122.28","122.39","123.75","121.12","31.58M","0.68%"
"01/17/2025","121.46","120.78","122.74","120.55","35.77M","2.55%"
"01/16/2025","118.44","120.24","121.09","118.25","29.41M","-1.27%"
"01/15/2025","119.96","117.55","120.42","117.46","38.19M","3.33%"
"01/14/2025","116.09","118.00","118.66","114.50","37.01M","-1.05%"
"01/13/2025","117.32","115.28","117.48","114.41","39.13M","1.10%"
"01/10/2025","116.04","118.18","118.71","114.45","59.42M","-4.76%"
"01/08/2025","121.84","124.51","125.30","120.12","46.72M","-4.31%"
"01/07/2025","127.33","130.51","131.71","126.85","39.22M","-1.71%"
"01/06/2025","129.55","129.07","130.73","127.36","48.02M","3.33%"
"01/03/2025","125.37","121.65","125.56","121.42","36.79M","3.93%"
"01/02/2025","120.63","122.29","123.14","119.44","34.26M","-0.13%"
"12/31/2024","120.79","123.10","123.55","120.14","30.20M","-1.35%"
"12/30/2024","122.44","123.56","124.10","122.35","30.50M","-2.20%"
"12/27/2024","125.19","124.37","126.18","122.26","32.92M","0.10%"
"12/26/2024","125.06","125.52","127.30","125.05","25.14M","-0.97%"
"12/24/2024","126.29","127.51","127.51","124.66","24.83M","1.36%"
"12/23/2024","124.60","120.71","126.34","120.47","47.78M","4.52%"
"12/20/2024","119.21","118.00","121.86","117.90","53.59M","0.28%"
"12/19/2024","118.88","122.16","123.38","118.45","46.16M","-2.08%"
"12/18/2024","121.41","125.43","127.75","120.43","49.72M","-2.89%"
"12/17/2024","125.02","124.45","127.08","123.15","43.31M","-1.32%"
"12/16/2024","126.69","126.01","127.76","123.12","42.09M","-0.17%"
"12/13/2024","126.91","131.30","131.30","124.77","67.54M","-2.83%"
"12/12/2024","130.60","130.00","132.32","129.07","34.27M","0.35%"
"12/11/2024","130.15","128.52","131.21","126.22","45.59M","1.89%"
"12/10/2024","127.74","131.56","131.56","127.07","38.91M","-2.39%"
"12/09/2024","130.87","135.71","135.77","130.00","57.06M","-5.57%"
"12/06/2024","138.59","141.48","142.79","137.40","33.58M","-1.96%"
"12/05/2024","141.36","143.68","143.95","140.38","29.58M","-1.83%"
"12/04/2024","143.99","142.96","144.12","141.18","25.94M","1.42%"
"12/03/2024","141.98","142.58","143.45","141.08","22.67M","-0.06%"
"12/02/2024","142.06","137.91","142.82","137.80","33.10M","3.56%"
"11/29/2024","137.18","136.24","138.59","135.78","16.09M","0.69%"
"11/27/2024","136.24","137.20","137.94","132.96","30.18M","-1.07%"
"11/26/2024","137.72","142.55","142.80","136.62","32.09M","-2.42%"
"11/25/2024","141.13","140.49","142.35","139.05","30.92M","2.01%"
"11/22/2024","138.35","137.35","139.13","137.04","21.78M","0.63%"
"11/21/2024","137.49","138.87","140.28","134.93","29.31M","-0.08%"
"11/20/2024","137.60","138.96","140.77","135.48","28.84M","-1.28%"
"11/19/2024","139.39","137.41","139.75","137.14","23.13M","0.33%"
"11/18/2024","138.93","138.18","140.90","137.21","38.78M","2.99%"
"11/15/2024","134.90","136.57","137.35","133.65","44.22M","-2.84%"
"11/14/2024","138.84","140.34","141.40","138.56","31.68M","-0.33%"
"11/13/2024","139.30","142.86","144.49","139.07","35.15M","-3.01%"
"11/12/2024","143.63","147.00","147.45","141.55","33.56M","-2.52%"
"11/11/2024","147.35","147.38","148.57","144.91","29.87M","-0.41%"
"11/08/2024","147.95","149.39","150.71","147.52","27.56M","-1.25%"
"11/07/2024","149.82","146.68","150.12","145.66","30.33M","3.25%"
"11/06/2024","145.10","144.95","145.63","141.52","32.91M","2.43%"
"11/05/2024","141.66","141.94","143.08","140.80","27.07M","0.68%"
"11/04/2024","140.71","141.70","143.64","139.72","29.12M","-0.81%"
"11/01/2024","141.86","144.44","144.54","141.32","39.03M","-1.53%"
"10/31/2024","144.07","147.80","148.68","143.33","44.39M","-3.05%"
"10/30/2024","148.60","153.01","153.12","148.10","87.70M","-10.62%"
"10/29/2024","166.25","161.10","167.51","158.94","71.90M","3.96%"
"10/28/2024","159.92","158.50","160.28","157.04","36.01M","2.36%"
"10/25/2024","156.23","155.40","158.91","155.05","29.76M","1.82%"
"10/24/2024","153.44","154.74","155.19","152.35","22.88M","0.35%"
"10/23/2024","152.91","153.00","153.45","150.52","26.10M","-0.77%"
"10/22/2024","154.09","156.60","156.74","151.91","35.00M","-2.41%"
"10/21/2024","157.90","155.76","158.00","154.15","25.78M","1.24%"
"10/18/2024","155.97","157.41","158.01","155.56","23.82M","-0.18%"
"10/17/2024","156.25","160.00","160.44","156.20","29.49M","0.08%"
"10/16/2024","156.13","158.07","158.28","154.92","30.58M","-0.33%"
"10/15/2024","156.64","163.21","164.13","155.74","50.77M","-5.22%"
"10/14/2024","165.27","167.77","168.90","165.15","31.76M","-1.56%"
"10/11/2024","167.89","164.18","169.35","163.01","42.14M","2.26%"
"10/10/2024","164.18","169.76","172.01","162.00","75.11M","-4.00%"
"10/09/2024","171.02","174.05","174.05","169.55","33.89M","-1.03%"
"10/08/2024","172.80","171.75","173.60","170.00","34.73M","1.07%"
"10/07/2024","170.97","171.08","172.41","168.21","38.38M","0.04%"
"10/04/2024","170.90","166.53","171.21","164.42","44.64M","4.94%"
"10/03/2024","162.85","159.71","166.79","159.40","29.60M","1.92%"
"10/02/2024","159.78","159.31","163.10","158.67","24.63M","0.02%"
"10/01/2024","159.75","164.48","165.40","158.08","31.83M","-2.64%"
"09/30/2024","164.08","163.10","165.08","162.18","21.92M","-0.16%"
"09/27/2024","164.35","167.48","168.73","163.74","27.88M","-1.87%"
"09/26/2024","167.49","167.05","168.68","164.05","38.04M","3.38%"
"09/25/2024","162.02","158.50","162.95","158.18","35.23M","2.34%"
"09/24/2024","158.32","157.46","159.64","154.58","27.53M","1.00%"
"09/23/2024","156.75","156.45","157.19","154.97","21.73M","0.51%"
"09/20/2024","155.95","156.00","157.45","152.47","40.25M","-0.50%"
"09/19/2024","156.74","153.81","159.25","152.77","44.50M","5.70%"
"09/18/2024","148.29","150.90","152.82","148.01","26.32M","-1.68%"
"09/17/2024","150.82","153.55","154.04","149.23","29.89M","-0.83%"
"09/16/2024","152.08","151.70","154.44","150.91","27.68M","-0.15%"
"09/13/2024","152.31","152.32","153.03","150.70","25.12M","1.02%"
"09/12/2024","150.77","148.43","151.54","147.65","29.29M","0.61%"
"09/11/2024","149.86","145.32","150.16","140.71","50.94M","4.91%"
"09/10/2024","142.84","139.06","143.08","137.25","37.22M","3.39%"
"09/09/2024","138.15","136.10","138.45","134.86","27.19M","2.83%"
"09/06/2024","134.35","138.70","139.13","132.11","39.99M","-3.65%"
"09/05/2024","139.44","138.20","141.71","137.83","25.02M","-1.02%"
"09/04/2024","140.87","140.51","143.37","138.51","42.13M","2.87%"
"09/03/2024","136.94","146.41","146.49","136.10","42.17M","-7.82%"
"08/30/2024","148.56","147.52","148.99","145.25","31.17M","2.11%"
"08/29/2024","145.49","146.59","149.49","144.47","31.60M","-0.59%"
"08/28/2024","146.36","149.40","150.43","144.72","34.08M","-2.75%"
"08/27/2024","150.50","150.13","151.70","148.44","35.10M","0.34%"
"08/26/2024","149.99","154.70","158.28","148.91","49.89M","-3.22%"
"08/23/2024","154.98","153.60","156.40","151.83","43.69M","2.16%"
"08/22/2024","151.70","158.87","159.84","151.01","45.74M","-3.87%"
"08/21/2024","157.81","156.12","158.65","155.07","42.79M","0.90%"
"08/20/2024","156.40","156.49","162.04","154.51","76.85M","0.72%"
"08/19/2024","155.28","148.43","155.37","147.72","60.77M","4.52%"
"08/16/2024","148.56","145.70","149.37","145.20","31.12M","0.81%"
"08/15/2024","147.36","143.00","147.96","141.81","43.58M","4.70%"
"08/14/2024","140.75","143.00","143.25","137.64","35.51M","-0.27%"
"08/13/2024","141.13","138.12","141.19","137.52","42.22M","3.19%"
"08/12/2024","136.77","134.44","137.99","133.23","39.72M","1.86%"
"08/09/2024","134.27","134.69","135.50","132.44","40.58M","-1.50%"
"08/08/2024","136.32","131.97","136.48","128.94","49.04M","5.95%"
"08/07/2024","128.67","133.75","136.24","128.37","54.68M","-1.16%"
"08/06/2024","130.18","135.15","136.44","129.10","64.46M","-3.44%"
"08/05/2024","134.82","122.16","139.14","121.82","76.09M","1.75%"
"08/02/2024","132.50","133.50","137.10","131.33","78.56M","-0.03%"
"08/01/2024","132.54","145.00","147.29","130.24","94.73M","-8.26%"
"07/31/2024","144.48","150.73","153.60","140.03","114.31M","4.36%"
"07/30/2024","138.44","139.88","141.70","134.05","68.80M","-0.94%"
"07/29/2024","139.75","141.19","144.59","138.75","47.45M","-0.17%"
"07/26/2024","139.99","140.32","141.29","138.27","49.44M","1.21%"
"07/25/2024","138.32","144.07","144.75","136.81","60.58M","-4.36%"
"07/24/2024","144.63","152.72","153.68","144.53","49.20M","-6.08%"
"07/23/2024","154.00","154.95","157.05","153.80","31.95M","-1.20%"
"07/22/2024","155.87","154.23","156.70","152.54","43.91M","2.83%"
"07/19/2024","151.58","154.86","155.81","150.62","47.51M","-2.69%"
"07/18/2024","155.77","163.41","163.41","153.20","69.42M","-2.30%"
"07/17/2024","159.43","169.80","169.80","159.37","76.95M","-10.21%"
"07/16/2024","177.55","179.69","179.75","174.53","40.63M","-1.27%"
"07/15/2024","179.83","184.45","185.50","178.54","42.20M","-0.98%"
"07/12/2024","181.61","182.01","186.99","179.69","50.83M","-0.18%"
"07/11/2024","181.94","184.07","187.11","177.25","59.23M","-1.10%"
"07/10/2024","183.96","179.99","187.28","177.80","90.25M","3.87%"
"07/09/2024","177.10","177.97","180.41","174.70","43.47M","-0.89%"
"07/08/2024","178.69","174.90","178.95","173.22","60.22M","3.95%"
"07/05/2024","171.90","165.97","174.04","165.68","61.86M","4.88%"
"07/03/2024","163.90","164.20","165.26","162.51","26.98M","-0.25%"
"07/02/2024","164.31","157.04","164.58","156.70","57.84M","4.20%"
"07/01/2024","157.69","161.25","161.51","153.64","50.44M","-2.79%"
"06/28/2024","162.21","160.23","166.45","159.41","56.20M","1.72%"
"06/27/2024","159.47","157.18","160.61","156.81","34.02M","1.23%"
"06/26/2024","157.54","160.60","160.74","156.00","36.97M","-1.69%"
"06/25/2024","160.25","160.73","161.00","156.45","40.98M","0.00%"
"06/24/2024","160.25","159.75","163.40","158.19","45.95M","-0.61%"
"06/21/2024","161.23","161.75","163.20","157.89","61.33M","-0.34%"
"06/20/2024","161.78","155.82","166.82","155.50","93.25M","4.62%"
"06/18/2024","154.63","156.99","157.24","153.34","51.85M","-2.38%"
"06/17/2024","158.40","158.00","159.23","154.13","44.51M","-0.77%"
"06/14/2024","159.63","158.50","161.34","157.61","34.05M","-0.17%"
"06/13/2024","159.90","160.40","162.66","157.31","44.44M","-0.21%"
"06/12/2024","160.24","160.32","162.24","158.62","48.33M","0.81%"
"06/11/2024","158.96","160.50","161.54","156.92","40.50M","-0.86%"
"06/10/2024","160.34","162.48","165.55","159.61","67.58M","-4.49%"
"06/07/2024","167.87","166.59","169.45","165.86","44.80M","0.65%"
"06/06/2024","166.78","165.46","169.51","163.86","47.15M","0.37%"
"06/05/2024","166.17","162.07","167.12","161.38","60.51M","3.86%"
"06/04/2024","159.99","162.84","164.83","158.87","48.16M","-2.18%"
"06/03/2024","163.55","170.82","171.08","160.91","59.16M","-2.01%"
"05/31/2024","166.90","166.65","169.50","160.07","64.33M","0.09%"
"05/30/2024","166.75","167.90","168.75","163.80","46.48M","0.97%"
"05/29/2024","165.14","167.46","168.48","162.91","56.54M","-3.77%"
"05/28/2024","171.61","169.42","174.55","164.96","66.50M","3.16%"
"05/24/2024","166.36","161.41","167.66","160.25","54.87M","3.70%"
"05/23/2024","160.43","170.18","173.14","158.27","91.89M","-3.08%"
"05/22/2024","165.52","167.41","169.81","163.86","47.43M","0.52%"
"05/21/2024","164.66","164.00","165.83","163.10","30.01M","-1.00%"
"05/20/2024","166.33","165.55","168.49","164.47","45.62M","1.13%"
"05/17/2024","164.47","168.43","169.72","162.32","65.94M","1.14%"
"05/16/2024","162.62","160.92","168.06","159.90","76.73M","1.85%"
"05/15/2024","159.67","155.59","159.69","154.70","43.20M","4.25%"
"05/14/2024","153.16","150.43","153.49","148.78","31.94M","1.73%"
"05/13/2024","150.56","151.28","153.33","150.40","27.86M","-0.90%"
"05/10/2024","151.92","154.29","156.37","151.31","37.65M","-0.31%"
"05/09/2024","152.39","153.13","154.09","150.61","33.02M","-0.80%"
"05/08/2024","153.62","153.40","155.33","152.52","28.73M","-0.52%"
"05/07/2024","154.43","156.32","157.70","153.66","37.37M","-0.87%"
"05/06/2024","155.78","153.10","156.65","151.26","44.62M","3.44%"
"05/03/2024","150.60","148.75","150.79","147.24","49.36M","3.04%"
"05/02/2024","146.16","145.51","147.62","141.15","50.03M","1.31%"
"05/01/2024","144.27","148.11","151.37","142.14","89.41M","-8.91%"
"04/30/2024","158.38","160.63","162.29","158.35","60.74M","-1.14%"
"04/29/2024","160.20","159.08","160.77","156.26","43.48M","1.78%"
"04/26/2024","157.40","154.24","158.63","153.43","42.51M","2.37%"
"04/25/2024","153.76","149.15","155.14","146.75","41.47M","1.33%"
"04/24/2024","151.74","156.56","157.66","150.63","43.41M","-0.35%"
"04/23/2024","152.27","151.65","153.49","150.35","46.05M","2.44%"
"04/22/2024","148.64","148.15","149.89","145.63","49.40M","1.36%"
"04/19/2024","146.64","151.59","154.25","145.29","71.62M","-5.44%"
"04/18/2024","155.08","155.51","156.96","152.32","52.67M","0.69%"
"04/17/2024","154.02","163.97","164.45","153.88","75.91M","-5.78%"
"04/16/2024","163.46","162.28","164.88","161.67","55.30M","1.96%"
"04/15/2024","160.32","164.43","164.44","158.76","61.46M","-1.81%"
"04/12/2024","163.28","164.53","165.70","161.82","63.52M","-4.23%"
"04/11/2024","170.50","167.54","170.95","166.55","48.99M","2.01%"
"04/10/2024","167.14","166.71","169.78","164.00","59.60M","-2.13%"
"04/09/2024","170.78","170.21","171.60","167.29","42.93M","0.52%"
"04/08/2024","169.90","168.20","171.66","166.82","44.00M","-0.31%"
"04/05/2024","170.42","168.10","172.69","165.58","66.08M","2.77%"
"04/04/2024","165.83","182.92","183.02","165.65","88.28M","-8.26%"
"04/03/2024","180.77","177.54","182.05","176.70","49.84M","1.16%"
"04/02/2024","178.70","179.47","180.10","174.83","61.60M","-2.53%"
"04/01/2024","183.34","180.10","187.24","179.90","74.30M","1.58%"
"03/28/2024","180.49","179.47","183.40","178.30","57.63M","0.50%"
"03/27/2024","179.59","179.96","181.23","175.40","55.69M","0.97%"
"03/26/2024","177.87","179.54","182.60","176.33","65.32M","-0.43%"
"03/25/2024","178.63","172.90","182.80","172.00","71.94M","-0.57%"
"03/22/2024","179.65","177.21","180.76","175.05","57.90M","0.54%"
"03/21/2024","178.68","185.97","187.69","177.66","75.27M","-0.58%"
"03/20/2024","179.73","182.03","182.68","174.00","81.77M","-0.93%"
"03/19/2024","181.42","183.16","185.61","177.36","83.51M","-4.84%"
"03/18/2024","190.65","193.29","193.50","188.05","59.31M","-0.21%"
"03/15/2024","191.06","184.83","193.80","184.48","95.29M","2.14%"
"03/14/2024","187.06","192.92","196.93","184.03","84.49M","-3.97%"
"03/13/2024","194.79","198.73","198.83","192.70","70.53M","-3.93%"
"03/12/2024","202.76","200.52","202.85","194.27","68.95M","2.20%"
"03/11/2024","198.39","203.01","203.55","196.70","73.10M","-4.34%"
"03/08/2024","207.39","213.41","227.30","205.60","120.82M","-1.89%"
"03/07/2024","211.38","212.52","213.83","208.22","63.87M","0.36%"
"03/06/2024","210.63","210.43","214.81","207.32","86.69M","2.68%"
"03/05/2024","205.13","200.50","205.33","199.15","65.41M","-0.11%"
"03/04/2024","205.36","205.16","211.01","203.50","86.84M","1.34%"
"03/01/2024","202.64","197.91","202.72","195.42","103.82M","5.25%"
"02/29/2024","192.53","179.82","193.00","179.82","105.54M","9.06%"
"02/28/2024","176.54","176.25","176.84","173.59","35.91M","-0.82%"
"02/27/2024","178.00","175.92","178.46","172.49","43.67M","1.13%"
"02/26/2024","176.01","178.78","179.84","174.81","45.44M","-0.29%"
"02/23/2024","176.52","181.86","183.80","174.55","69.21M","-2.94%"
"02/22/2024","181.86","173.20","183.83","172.00","100.68M","10.69%"
"02/21/2024","164.29","162.74","164.90","161.81","48.77M","-0.84%"
"02/20/2024","165.69","171.14","171.81","162.00","66.55M","-4.70%"
"02/16/2024","173.87","177.45","180.33","173.25","53.94M","-1.63%"
"02/15/2024","176.76","179.14","180.50","175.26","51.13M","-1.09%"
"02/14/2024","178.70","173.47","178.74","172.88","57.40M","4.17%"
"02/13/2024","171.54","167.94","173.17","164.30","63.07M","-0.22%"
"02/12/2024","171.91","172.68","177.40","170.67","58.18M","-0.33%"
"02/09/2024","172.48","171.00","175.10","168.66","56.38M","1.85%"
"02/08/2024","169.35","170.33","172.17","168.60","43.39M","-0.93%"
"02/07/2024","170.94","169.47","172.97","168.20","53.67M","1.82%"
"02/06/2024","167.88","173.15","173.88","165.50","68.85M","-3.64%"
"02/05/2024","174.23","179.09","180.01","171.11","76.35M","-1.93%"
"02/02/2024","177.66","173.79","179.00","173.05","82.13M","4.21%"
"02/01/2024","170.48","169.27","171.14","165.86","91.58M","1.66%"
"01/31/2024","167.69","165.74","171.30","162.56","133.16M","-2.54%"
"01/30/2024","172.06","176.13","178.48","169.52","122.27M","-3.24%"
"01/29/2024","177.83","178.77","178.88","174.40","89.38M","0.33%"
"01/26/2024","177.25","175.29","181.23","174.15","107.38M","-1.71%"
"01/25/2024","180.33","183.41","184.92","177.63","127.17M","1.14%"
"01/24/2024","178.29","172.55","180.58","170.56","125.52M","5.86%"
"01/23/2024","168.42","166.50","169.63","164.27","76.83M","0.14%"
"01/22/2024","168.18","174.39","174.72","164.15","122.97M","-3.47%"
"01/19/2024","174.23","165.80","174.25","162.20","140.37M","7.11%"
"01/18/2024","162.67","166.20","168.60","158.22","131.86M","1.56%"
"01/17/2024","160.17","158.45","160.64","154.40","104.08M","0.90%"
"01/16/2024","158.74","150.36","159.71","149.98","112.71M","8.31%"
"01/12/2024","146.56","148.04","148.75","145.00","48.29M","-0.99%"
"01/11/2024","148.02","148.52","150.38","143.69","62.76M","-0.35%"
"01/10/2024","148.54","150.07","150.88","146.65","56.95M","-0.48%"
"01/09/2024","149.26","145.95","149.86","145.08","67.88M","2.11%"
"01/08/2024","146.18","140.36","147.15","140.15","71.76M","5.48%"
"01/05/2024","138.58","136.78","141.01","136.44","69.66M","1.89%"
"01/04/2024","136.01","134.30","137.70","134.00","58.61M","0.51%"
"01/03/2024","135.32","135.71","137.43","133.74","61.99M","-2.35%"
"01/02/2024","138.58","144.28","144.40","137.43","64.90M","-5.99%"
"12/29/2023","147.41","149.50","151.05","147.20","62.08M","-0.91%"
"12/28/2023","148.76","146.80","150.41","145.95","63.80M","1.84%"
"12/27/2023","146.07","144.72","146.25","143.18","49.03M","1.85%"
"12/26/2023","143.41","140.07","143.85","139.92","47.16M","2.73%"
"12/22/2023","139.60","140.48","140.70","138.31","35.40M","-0.22%"
"12/21/2023","139.91","138.14","139.98","137.38","47.18M","3.28%"
"12/20/2023","135.47","139.00","139.58","135.37","54.67M","-3.34%"
"12/19/2023","140.15","138.57","143.47","138.55","63.74M","0.90%"
"12/18/2023","138.90","139.15","139.79","137.65","45.20M","-0.18%"
"12/15/2023","139.15","139.52","140.89","137.25","70.21M","0.83%"
"12/14/2023","138.00","138.89","141.82","135.73","76.12M","-0.14%"
"12/13/2023","138.19","137.97","139.24","136.03","70.65M","0.42%"
"12/12/2023","137.61","132.25","139.89","131.90","111.68M","2.38%"
"12/11/2023","134.41","130.56","135.04","128.25","98.67M","4.26%"
"12/08/2023","128.92","129.54","131.00","126.89","89.34M","0.43%"
"12/07/2023","128.37","120.79","128.68","119.56","118.58M","9.89%"
"12/06/2023","116.82","120.69","122.83","116.38","60.60M","-1.32%"
"12/05/2023","118.38","117.43","118.49","116.45","39.19M","-0.16%"
"12/04/2023","118.57","119.75","119.90","116.37","39.85M","-2.32%"
"12/01/2023","121.39","119.88","121.40","118.64","37.05M","0.19%"
"11/30/2023","121.16","123.61","124.05","119.65","44.49M","-2.17%"
"11/29/2023","123.85","123.98","125.72","123.48","37.88M","1.51%"
"11/28/2023","122.01","121.98","122.54","120.79","32.05M","-0.52%"
"11/27/2023","122.65","122.07","123.89","121.77","32.74M","0.28%"
"11/24/2023","122.31","122.03","123.25","121.54","19.00M","-0.16%"
"11/22/2023","122.51","120.00","124.76","119.95","56.89M","2.81%"
"11/21/2023","119.16","120.54","120.65","117.94","41.06M","-1.95%"
"11/20/2023","121.53","120.70","121.93","120.07","43.17M","0.75%"
"11/17/2023","120.62","119.64","121.49","118.82","38.54M","0.66%"
"11/16/2023","119.83","117.20","120.73","116.41","49.66M","1.55%"
"11/15/2023","118.00","120.54","120.59","116.87","59.56M","-1.57%"
"11/14/2023","119.88","119.70","122.11","119.22","61.02M","2.65%"
"11/13/2023","116.79","118.34","118.68","116.00","46.74M","-1.52%"
"11/10/2023","118.59","114.35","119.70","114.03","75.20M","4.49%"
"11/09/2023","113.49","114.10","115.81","113.06","61.15M","-0.09%"
"11/08/2023","113.59","113.55","115.32","112.88","41.88M","0.12%"
"11/07/2023","113.45","111.86","114.65","111.22","50.55M","1.52%"
"11/06/2023","111.75","112.60","113.08","110.22","49.27M","-0.45%"
"11/03/2023","112.25","109.05","113.39","107.86","65.63M","4.10%"
"11/02/2023","107.83","107.96","109.40","105.91","71.38M","-0.19%"
"11/01/2023","108.04","98.58","108.15","98.50","138.64M","9.69%"
"10/31/2023","98.50","96.24","98.82","94.07","79.55M","2.41%"
"10/30/2023","96.18","96.14","97.04","94.70","43.72M","-0.26%"
"10/27/2023","96.43","95.80","97.35","94.59","52.46M","2.95%"
"10/26/2023","93.67","95.99","97.52","93.11","49.90M","-2.48%"
"10/25/2023","96.06","100.42","101.03","95.23","53.42M","-5.52%"
"10/24/2023","101.67","100.97","101.79","99.38","51.98M","1.66%"
"10/23/2023","100.01","100.81","102.42","99.32","50.82M","-1.77%"
"10/20/2023","101.81","102.28","104.34","101.44","61.32M","-0.58%"
"10/19/2023","102.40","103.81","105.60","101.84","52.73M","0.23%"
"10/18/2023","102.17","103.38","104.78","101.74","50.45M","-2.82%"
"10/17/2023","105.14","103.54","106.29","101.66","49.64M","-1.24%"
"10/16/2023","106.46","105.42","107.48","105.03","42.46M","1.30%"
"10/13/2023","105.09","108.65","108.97","104.75","52.93M","-3.40%"
"10/12/2023","108.79","108.40","111.31","107.51","60.96M","0.44%"
"10/11/2023","108.31","109.14","110.10","106.93","51.09M","-0.64%"
"10/10/2023","109.01","107.49","110.12","106.40","57.11M","1.91%"
"10/09/2023","106.97","106.01","107.31","104.79","39.59M","-0.25%"
"10/06/2023","107.24","102.16","107.87","102.03","64.86M","4.21%"
"10/05/2023","102.91","103.40","103.74","100.27","51.79M","-1.11%"
"10/04/2023","104.07","100.65","104.40","100.34","51.02M","3.99%"
"10/03/2023","100.08","101.80","103.29","99.17","48.12M","-3.09%"
"10/02/2023","103.27","102.21","103.71","101.70","45.12M","0.44%"
"09/29/2023","102.82","104.69","104.94","102.56","56.08M","0.06%"
"09/28/2023","102.76","97.94","104.20","97.76","72.54M","4.78%"
"09/27/2023","98.07","96.82","99.23","96.35","51.26M","2.20%"
"09/26/2023","95.96","96.50","97.83","95.27","42.87M","-1.46%"
"09/25/2023","97.38","95.95","97.45","94.46","43.22M","1.23%"
"09/22/2023","96.20","96.92","98.42","95.61","52.17M","0.09%"
"09/21/2023","96.11","98.60","98.87","95.84","59.70M","-4.22%"
"09/20/2023","100.34","102.36","103.94","100.28","55.18M","-1.25%"
"09/19/2023","101.61","101.75","102.86","100.70","41.70M","-0.74%"
"09/18/2023","102.37","100.82","102.99","99.45","49.06M","0.87%"
"09/15/2023","101.49","106.07","106.76","101.28","71.10M","-4.82%"
"09/14/2023","106.63","108.43","109.15","106.22","45.92M","-1.00%"
"09/13/2023","107.71","105.10","108.74","104.83","44.70M","2.28%"
"09/12/2023","105.31","104.20","106.74","103.18","44.41M","-0.01%"
"09/11/2023","105.32","107.32","107.51","103.00","50.61M","-0.73%"
"09/08/2023","106.09","107.02","109.74","105.75","46.27M","-0.47%"
"09/07/2023","106.59","106.14","107.69","105.09","49.08M","-2.46%"
"09/06/2023","109.28","110.56","111.33","108.22","47.74M","-1.35%"
"09/05/2023","110.78","109.00","111.82","106.30","66.04M","1.22%"
"09/01/2023","109.45","107.00","110.06","106.61","54.86M","3.53%"
"08/31/2023","105.72","106.19","108.06","104.86","58.92M","-0.82%"
"08/30/2023","106.59","105.40","107.67","104.50","54.85M","0.63%"
"08/29/2023","105.92","102.11","106.57","101.79","50.85M","3.23%"
"08/28/2023","102.61","103.47","104.07","100.89","55.39M","0.35%"
"08/25/2023","102.25","101.17","104.12","99.58","74.79M","0.44%"
"08/24/2023","101.80","111.06","111.64","100.87","109.18M","-6.97%"
"08/23/2023","109.43","105.65","110.08","105.00","54.66M","3.57%"
"08/22/2023","105.66","109.40","109.72","104.85","47.34M","-2.37%"
"08/21/2023","108.22","106.20","108.54","105.67","49.32M","2.63%"
"08/18/2023","105.45","102.40","106.07","101.68","59.92M","0.97%"
"08/17/2023","104.44","107.62","107.85","104.10","59.06M","-2.57%"
"08/16/2023","107.19","110.09","110.44","106.98","54.33M","-3.74%"
"08/15/2023","111.35","111.99","113.18","110.17","53.82M","-0.56%"
"08/14/2023","111.98","106.75","111.99","105.42","57.42M","4.10%"
"08/11/2023","107.57","108.85","109.07","106.48","55.67M","-2.41%"
"08/10/2023","110.23","111.30","113.89","109.47","57.30M","-0.22%"
"08/09/2023","110.47","112.89","113.15","108.78","56.26M","-2.44%"
"08/08/2023","113.23","114.94","115.46","111.41","54.14M","-3.06%"
"08/07/2023","116.81","116.36","119.08","115.49","65.85M","0.85%"
"08/04/2023","115.82","114.48","118.85","113.96","83.17M","2.36%"
"08/03/2023","113.15","108.95","114.96","108.95","90.81M","3.48%"
"08/02/2023","109.35","119.49","119.50","107.38","173.37M","-7.02%"
"08/01/2023","117.60","114.26","118.19","113.16","97.28M","2.80%"
"07/31/2023","114.40","114.16","114.68","112.35","54.19M","1.27%"
"07/28/2023","112.96","113.38","114.86","112.44","55.53M","1.67%"
"07/27/2023","111.10","111.79","115.08","110.51","70.68M","0.92%"
"07/26/2023","110.09","111.91","112.36","109.30","51.72M","-2.58%"
"07/25/2023","113.00","111.14","114.05","111.00","44.92M","2.16%"
"07/24/2023","110.61","110.62","111.31","108.55","45.64M","-0.31%"
"07/21/2023","110.95","110.97","112.30","109.54","76.82M","0.63%"
"07/20/2023","110.25","114.96","115.05","109.24","76.34M","-5.31%"
"07/19/2023","116.43","121.30","121.67","115.55","70.36M","-1.27%"
"07/18/2023","117.93","117.55","118.43","115.19","57.98M","-0.33%"
"07/17/2023","118.32","115.95","118.84","112.73","68.59M","2.05%"
"07/14/2023","115.94","116.17","122.12","115.25","91.93M","0.02%"
"07/13/2023","115.92","115.76","116.16","113.57","49.21M","1.17%"
"07/12/2023","114.58","112.89","115.40","112.31","57.99M","2.93%"
"07/11/2023","111.32","111.66","113.27","109.50","59.90M","-1.99%"
"07/10/2023","113.58","113.00","113.61","109.88","49.33M","0.36%"
"07/07/2023","113.17","114.16","115.33","113.04","37.21M","-0.27%"
"07/06/2023","113.48","112.07","113.79","110.31","42.41M","-0.41%"
"07/05/2023","113.95","116.10","117.66","113.86","49.50M","-1.61%"
"07/03/2023","115.82","115.16","116.73","114.51","31.86M","1.68%"
"06/30/2023","113.91","113.03","114.69","112.41","53.38M","2.40%"
"06/29/2023","111.24","112.07","112.76","109.84","58.35M","0.97%"
"06/28/2023","110.17","108.21","111.78","107.63","67.53M","-0.20%"
"06/27/2023","110.39","108.57","110.97","107.08","59.38M","2.68%"
"06/26/2023","107.51","110.95","112.55","107.20","68.56M","-2.27%"
"06/23/2023","110.01","109.31","111.10","107.46","73.62M","-0.62%"
"06/22/2023","110.70","112.24","114.00","109.85","70.75M","-1.26%"
"06/21/2023","112.11","118.49","119.19","111.67","82.84M","-5.73%"
"06/20/2023","118.93","119.08","121.75","117.70","58.85M","-0.96%"
"06/16/2023","120.08","125.82","125.85","119.90","82.01M","-3.35%"
"06/15/2023","124.24","125.39","125.70","122.26","85.59M","-2.43%"
"06/14/2023","127.33","126.53","127.72","123.81","95.89M","2.25%"
"06/13/2023","124.53","132.32","132.83","122.45","132.46M","-3.61%"
"06/12/2023","129.19","128.52","130.48","126.40","85.67M","3.42%"
"06/09/2023","124.92","123.57","127.25","123.55","75.11M","3.20%"
"06/08/2023","121.05","118.29","122.21","117.05","65.25M","2.73%"
"06/07/2023","117.83","124.03","125.34","117.07","81.76M","-5.15%"
"06/06/2023","124.23","117.91","124.42","117.74","75.26M","5.34%"
"06/05/2023","117.93","116.59","119.32","116.42","52.60M","0.06%"
"06/02/2023","117.86","120.75","121.66","117.68","52.38M","-1.35%"
"06/01/2023","119.47","117.29","121.28","116.60","66.03M","1.07%"
"05/31/2023","118.21","122.42","123.96","117.86","87.55M","-5.64%"
"05/30/2023","125.27","130.41","130.79","123.51","98.90M","-1.39%"
"05/26/2023","127.03","122.46","127.43","120.89","92.92M","5.55%"
"05/25/2023","120.35","117.31","120.69","115.80","108.51M","11.16%"
"05/24/2023","108.27","105.98","108.91","105.64","65.91M","0.14%"
"05/23/2023","108.12","107.25","110.99","107.19","73.10M","0.11%"
"05/22/2023","108.00","104.68","108.79","103.49","65.42M","2.06%"
"05/19/2023","105.82","106.36","107.29","104.62","67.88M","-1.95%"
"05/18/2023","107.93","103.98","108.10","103.93","74.34M","4.03%"
"05/17/2023","103.75","101.79","104.14","100.05","75.24M","2.24%"
"05/16/2023","101.48","97.39","103.28","97.31","90.62M","4.19%"
"05/15/2023","97.40","95.20","97.43","93.45","51.75M","2.25%"
"05/12/2023","95.26","96.83","97.45","93.68","53.83M","-1.89%"
"05/11/2023","97.10","98.15","99.19","96.14","57.06M","0.08%"
"05/10/2023","97.02","96.42","99.94","96.12","95.62M","2.06%"
"05/09/2023","95.06","94.89","96.16","93.43","68.67M","0.02%"
"05/08/2023","95.04","89.99","95.65","89.17","95.50M","5.79%"
"05/05/2023","89.84","84.99","90.43","84.72","78.49M","3.73%"
"05/04/2023","86.61","81.57","91.64","81.11","122.84M","6.11%"
"05/03/2023","81.62","83.54","85.48","81.02","109.48M","-9.22%"
"05/02/2023","89.91","89.32","90.46","88.12","70.48M","0.25%"
"05/01/2023","89.69","91.03","91.04","88.61","59.36M","0.36%"
"04/28/2023","89.37","87.02","89.75","86.44","50.69M","2.21%"
"04/27/2023","87.44","86.41","87.57","84.09","53.09M","1.75%"
"04/26/2023","85.94","86.51","87.35","85.32","47.79M","2.55%"
"04/25/2023","83.80","86.90","87.06","83.76","52.77M","-4.31%"
"04/24/2023","87.57","88.11","88.64","86.34","40.42M","-0.97%"
"04/21/2023","88.43","89.80","89.80","88.06","41.12M","-1.86%"
"04/20/2023","90.11","88.82","91.58","88.73","47.08M","0.19%"
"04/19/2023","89.94","88.51","90.54","88.22","37.34M","0.18%"
"04/18/2023","89.78","91.61","92.16","89.33","46.25M","-0.10%"
"04/17/2023","89.87","90.23","90.69","88.30","47.25M","-2.05%"
"04/14/2023","91.75","91.82","92.97","90.50","38.73M","-0.37%"
"04/13/2023","92.09","92.79","93.16","91.83","40.57M","-0.26%"
"04/12/2023","92.33","94.97","95.00","91.74","53.38M","-1.81%"
"04/11/2023","94.03","96.06","96.07","92.69","51.94M","-1.52%"
"04/10/2023","95.48","91.32","95.79","91.02","52.54M","3.26%"
"04/06/2023","92.47","91.47","92.91","90.62","47.78M","-0.10%"
"04/05/2023","92.56","94.35","94.50","91.36","52.98M","-3.45%"
"04/04/2023","95.87","97.04","97.27","95.21","43.20M","-0.71%"
"04/03/2023","96.56","96.69","96.79","94.81","50.66M","-1.48%"
"03/31/2023","98.01","96.34","98.36","95.27","55.86M","0.13%"
"03/30/2023","97.88","98.00","99.53","97.25","59.68M","1.86%"
"03/29/2023","96.09","96.07","96.91","94.87","55.33M","1.62%"
"03/28/2023","94.56","96.77","96.94","92.87","59.15M","-2.12%"
"03/27/2023","96.61","98.02","98.93","95.43","57.46M","-1.37%"
"03/24/2023","97.95","99.18","99.52","96.74","64.74M","-2.32%"
"03/23/2023","100.28","100.05","102.43","98.67","84.09M","2.77%"
"03/22/2023","97.58","95.65","101.70","95.64","110.82M","1.72%"
"03/21/2023","95.93","97.00","99.46","93.64","85.29M","-0.91%"
"03/20/2023","96.81","96.30","96.94","92.90","92.01M","-1.05%"
"03/17/2023","97.84","96.66","98.75","95.94","94.08M","1.28%"
"03/16/2023","96.60","89.72","96.69","89.02","115.98M","7.72%"
"03/15/2023","89.68","86.77","90.42","86.21","86.18M","2.55%"
"03/14/2023","87.45","83.67","88.30","83.59","66.62M","6.63%"
"03/13/2023","82.01","81.39","83.83","78.51","65.27M","-0.80%"
"03/10/2023","82.67","84.47","85.45","81.63","70.27M","-1.62%"
"03/09/2023","84.03","85.29","87.81","83.59","79.50M","-1.57%"
"03/08/2023","85.37","82.79","85.77","82.28","69.53M","3.97%"
"03/07/2023","82.11","81.07","84.85","80.67","70.96M","1.17%"
"03/06/2023","81.16","82.03","83.30","81.04","54.54M","-0.44%"
"03/03/2023","81.52","80.40","81.63","79.34","54.54M","1.34%"
"03/02/2023","80.44","77.57","80.92","76.65","60.19M","2.75%"
"03/01/2023","78.29","78.55","80.29","77.88","44.27M","-0.37%"
"02/28/2023","78.58","77.87","80.14","77.42","44.22M","-0.24%"
"02/27/2023","78.77","79.64","80.12","78.53","45.62M","0.87%"
"02/24/2023","78.09","77.75","78.81","76.94","46.70M","-2.08%"
"02/23/2023","79.75","80.63","81.79","77.96","76.39M","4.10%"
"02/22/2023","76.61","76.93","78.13","75.92","50.29M","-0.21%"
"02/21/2023","76.77","77.15","78.46","76.45","44.05M","-2.20%"
"02/17/2023","78.50","79.60","79.65","77.37","47.83M","-1.97%"
"02/16/2023","80.08","82.98","83.35","80.05","57.76M","-5.99%"
"02/15/2023","85.18","85.10","85.89","83.32","46.48M","-0.90%"
"02/14/2023","85.95","82.70","86.18","81.77","55.98M","3.39%"
"02/13/2023","83.13","81.57","84.15","80.90","45.40M","2.03%"
"02/10/2023","81.48","82.29","82.71","80.47","49.33M","-2.08%"
"02/09/2023","83.21","85.88","86.67","82.76","46.53M","-1.75%"
"02/08/2023","84.69","85.88","88.00","84.54","54.14M","-1.42%"
"02/07/2023","85.91","84.32","86.25","82.52","65.29M","2.66%"
"02/06/2023","83.68","84.63","86.28","83.22","53.01M","-2.80%"
"02/03/2023","86.09","86.65","88.80","85.83","66.56M","-2.51%"
"02/02/2023","88.31","84.29","88.94","83.20","97.76M","4.34%"
"02/01/2023","84.64","78.47","85.48","77.88","152.55M","12.63%"
"01/31/2023","75.15","72.26","75.20","72.03","71.67M","3.73%"
"01/30/2023","72.45","74.23","74.64","72.40","48.11M","-3.91%"
"01/27/2023","75.40","73.70","76.74","73.49","58.12M","0.32%"
"01/26/2023","75.16","76.50","77.08","74.28","49.58M","0.33%"
"01/25/2023","74.91","72.90","75.12","72.09","49.93M","0.28%"
"01/24/2023","74.70","73.75","75.64","73.42","60.82M","-2.39%"
"01/23/2023","76.53","72.22","76.59","71.54","84.29M","9.22%"
"01/20/2023","70.07","68.01","70.13","67.45","47.76M","3.49%"
"01/19/2023","67.71","68.97","69.25","67.26","47.19M","-4.00%"
"01/18/2023","70.53","71.87","72.78","70.50","39.54M","-1.48%"
"01/17/2023","71.59","70.87","72.66","70.65","42.62M","0.83%"
"01/13/2023","71.00","69.84","71.10","69.23","45.76M","0.28%"
"01/12/2023","70.80","70.07","71.65","67.18","70.07M","2.52%"
"01/11/2023","69.06","68.39","69.13","67.22","44.47M","1.48%"
"01/10/2023","68.05","66.67","68.15","66.56","41.15M","1.20%"
"01/09/2023","67.24","66.22","69.32","65.67","69.74M","5.13%"
"01/06/2023","63.96","63.15","64.30","60.05","70.16M","2.62%"
"01/05/2023","62.33","64.15","64.35","62.30","46.16M","-3.60%"
"01/04/2023","64.66","65.00","65.79","63.31","47.48M","1.00%"
"01/03/2023","64.02","66.00","66.88","63.59","46.85M","-1.16%"
"12/30/2022","64.77","63.77","64.82","63.14","37.13M","-0.08%"
"12/29/2022","64.82","63.63","65.18","63.06","41.43M","3.60%"
"12/28/2022","62.57","62.54","63.54","61.96","39.53M","-1.11%"
"12/27/2022","63.27","63.87","64.28","62.97","36.09M","-1.94%"
"12/23/2022","64.52","63.11","64.66","62.72","45.92M","1.03%"
"12/22/2022","63.86","66.08","66.31","62.26","73.92M","-5.64%"
"12/21/2022","67.68","65.43","67.85","65.21","44.17M","4.04%"
"12/20/2022","65.05","63.76","66.06","63.52","52.43M","0.71%"
"12/19/2022","64.59","65.12","65.59","63.71","46.25M","-1.25%"
"12/16/2022","65.41","66.25","67.19","64.80","62.44M","-1.68%"
"12/15/2022","66.53","67.60","68.21","66.12","58.56M","-3.48%"
"12/14/2022","68.93","70.93","72.00","68.32","67.28M","-3.80%"
"12/13/2022","71.65","74.87","75.21","70.66","72.46M","1.39%"
"12/12/2022","70.67","68.54","70.67","67.53","60.97M","3.03%"
"12/09/2022","68.59","69.49","70.67","68.52","59.06M","-2.67%"
"12/08/2022","70.47","70.14","71.22","69.00","56.73M","0.47%"
"12/07/2022","70.14","69.53","71.37","69.28","59.18M","-0.18%"
"12/06/2022","70.27","73.08","73.39","69.40","64.97M","-4.55%"
"12/05/2022","73.62","74.54","75.17","72.82","47.02M","-1.81%"
"12/02/2022","74.98","75.05","76.28","73.65","64.38M","-3.23%"
"12/01/2022","77.48","78.31","79.23","76.44","59.83M","-0.19%"
"11/30/2022","77.63","73.38","77.70","72.81","88.47M","5.78%"
"11/29/2022","73.39","73.62","74.49","72.78","51.85M","0.27%"
"11/28/2022","73.19","73.81","75.47","72.57","45.45M","-2.60%"
"11/25/2022","75.14","75.67","76.04","74.75","26.02M","-1.65%"
"11/23/2022","76.40","75.49","78.22","75.30","81.62M","1.53%"
"11/22/2022","75.25","72.72","75.33","72.11","55.45M","3.85%"
"11/21/2022","72.46","72.21","72.98","71.57","51.54M","-1.51%"
"11/18/2022","73.57","75.07","75.35","72.18","73.22M","-0.45%"
"11/17/2022","73.90","70.56","74.38","70.16","82.32M","1.65%"
"11/16/2022","72.70","73.65","74.83","71.93","79.97M","-4.81%"
"11/15/2022","76.37","77.26","79.16","75.39","108.95M","3.86%"
"11/14/2022","73.53","75.22","75.25","72.67","108.89M","1.60%"
"11/11/2022","72.37","69.58","73.32","68.29","111.71M","5.70%"
"11/10/2022","68.47","64.30","68.80","63.62","108.00M","14.27%"
"11/09/2022","59.92","62.28","63.05","59.80","62.94M","-6.16%"
"11/08/2022","63.85","64.09","64.96","62.37","75.94M","1.22%"
"11/07/2022","63.08","62.93","63.53","61.40","62.72M","1.43%"
"11/04/2022","62.19","62.50","63.00","60.53","84.79M","3.46%"
"11/03/2022","60.11","58.11","62.28","58.03","95.28M","2.52%"
"11/02/2022","58.63","63.00","63.93","58.57","142.67M","-1.73%"
"11/01/2022","59.66","61.49","61.99","59.42","83.81M","-0.67%"
"10/31/2022","60.06","60.75","61.86","59.53","73.27M","-3.14%"
"10/28/2022","62.01","59.10","62.35","58.92","78.20M","5.82%"
"10/27/2022","58.60","61.60","62.72","58.51","83.87M","-1.89%"
"10/26/2022","59.73","59.69","61.77","59.15","79.92M","-2.83%"
"10/25/2022","61.47","58.76","61.97","58.69","85.50M","4.72%"
"10/24/2022","58.70","58.57","59.00","56.66","76.31M","-0.20%"
"10/21/2022","58.82","57.22","58.91","55.71","95.37M","1.82%"
"10/20/2022","57.77","57.47","60.20","57.40","79.55M","0.94%"
"10/19/2022","57.23","57.33","59.04","56.57","75.70M","-1.19%"
"10/18/2022","57.92","59.91","60.49","56.40","103.06M","-0.07%"
"10/17/2022","57.96","57.35","58.51","57.10","76.98M","3.61%"
"10/14/2022","55.94","59.60","59.94","55.83","96.96M","-5.09%"
"10/13/2022","58.94","55.52","60.14","54.57","131.16M","1.88%"
"10/12/2022","57.85","57.45","58.32","56.32","89.26M","0.38%"
"10/11/2022","57.63","57.21","58.92","56.05","114.05M","-0.31%"
"10/10/2022","57.81","57.31","58.79","56.30","112.24M","-1.08%"
"10/07/2022","58.44","64.01","64.03","58.22","163.79M","-13.87%"
"10/06/2022","67.85","67.82","70.29","67.66","98.33M","-0.13%"
"10/05/2022","67.94","66.59","68.69","64.51","87.13M","0.06%"
"10/04/2022","67.90","68.27","69.18","67.33","77.16M","2.71%"
"10/03/2022","66.11","64.46","66.91","63.39","83.84M","4.34%"
"09/30/2022","63.36","63.62","65.91","63.34","81.66M","-1.22%"
"09/29/2022","64.14","67.15","67.20","62.83","102.55M","-6.17%"
"09/28/2022","68.36","67.11","68.80","66.56","72.39M","1.77%"
"09/27/2022","67.17","67.90","68.78","66.00","94.87M","1.31%"
"09/26/2022","66.30","67.87","68.74","66.25","82.90M","-2.44%"
"09/23/2022","67.96","68.00","69.08","66.82","87.69M","-2.22%"
"09/22/2022","69.50","73.89","74.29","69.17","101.44M","-6.69%"
"09/21/2022","74.48","75.43","78.41","74.45","82.07M","-1.02%"
"09/20/2022","75.25","76.08","76.58","74.73","51.13M","-1.98%"
"09/19/2022","76.77","75.39","77.34","75.35","64.97M","0.34%"
"09/16/2022","76.51","75.62","76.82","74.68","75.30M","-0.20%"
"09/15/2022","76.66","76.64","77.97","74.90","81.82M","-1.02%"
"09/14/2022","77.45","77.10","78.08","75.87","71.48M","0.55%"
"09/13/2022","77.03","80.96","81.47","76.80","80.92M","-8.99%"
"09/12/2022","84.64","84.89","85.35","83.46","71.92M","-0.95%"
"09/09/2022","85.45","84.03","85.68","83.84","68.94M","3.23%"
"09/08/2022","82.78","80.03","83.45","79.24","89.09M","3.98%"
"09/07/2022","79.61","79.24","80.25","77.74","67.89M","1.13%"
"09/06/2022","78.72","80.41","80.89","78.37","68.73M","-1.89%"
"09/02/2022","80.24","83.32","83.65","79.81","84.92M","-2.54%"
"09/01/2022","82.33","82.35","82.75","78.52","94.85M","-2.99%"
"08/31/2022","84.87","86.28","86.72","83.72","64.99M","-2.38%"
"08/30/2022","86.94","90.06","90.15","85.34","69.09M","-1.75%"
"08/29/2022","88.49","90.05","91.19","88.26","61.14M","-2.95%"
"08/26/2022","91.18","96.29","97.60","91.12","65.55M","-6.17%"
"08/25/2022","97.18","93.14","97.57","93.14","61.02M","4.80%"
"08/24/2022","92.73","92.21","93.38","90.90","56.52M","0.26%"
"08/23/2022","92.49","92.39","94.44","92.11","52.59M","-0.38%"
"08/22/2022","92.84","94.40","95.02","92.36","61.84M","-3.24%"
"08/19/2022","95.95","98.67","99.25","94.59","67.22M","-4.47%"
"08/18/2022","100.44","97.74","101.07","96.73","76.06M","2.21%"
"08/17/2022","98.27","99.26","99.64","96.72","63.74M","-1.93%"
"08/16/2022","100.20","100.84","101.45","98.32","60.22M","-0.80%"
"08/15/2022","101.01","100.50","101.85","99.80","61.33M","0.18%"
"08/12/2022","100.83","99.20","101.40","98.48","72.32M","2.76%"
"08/11/2022","98.12","99.93","102.37","98.00","77.52M","-0.94%"
"08/10/2022","99.05","98.45","99.35","95.61","83.42M","3.67%"
"08/09/2022","95.54","97.95","98.05","93.67","89.47M","-4.53%"
"08/08/2022","100.07","100.06","101.80","97.99","92.69M","-2.19%"
"08/05/2022","102.31","101.05","103.86","100.98","93.86M","-1.54%"
"08/04/2022","103.91","97.50","104.59","97.26","125.86M","5.93%"
"08/03/2022","98.09","94.83","98.77","93.62","131.14M","-1.21%"
"08/02/2022","99.29","95.71","100.92","95.36","116.73M","2.59%"
"08/01/2022","96.78","95.59","98.39","93.96","96.48M","2.45%"
"07/29/2022","94.47","90.70","94.81","90.56","76.63M","3.05%"
"07/28/2022","91.67","90.42","92.22","88.59","79.01M","2.06%"
"07/27/2022","89.82","86.94","90.62","86.29","78.30M","5.36%"
"07/26/2022","85.25","87.00","87.75","84.71","69.18M","-2.62%"
"07/25/2022","87.54","86.57","87.60","85.12","70.08M","-0.64%"
"07/22/2022","88.10","90.20","90.69","87.04","76.99M","-3.28%"
"07/21/2022","91.09","89.60","91.58","88.22","90.45M","1.86%"
"07/20/2022","89.43","85.39","89.92","85.08","88.35M","4.13%"
"07/19/2022","85.88","82.76","86.41","82.19","85.05M","5.46%"
"07/18/2022","81.43","82.21","84.47","80.94","90.46M","0.39%"
"07/15/2022","81.11","79.36","81.20","77.90","76.05M","3.19%"
"07/14/2022","78.60","78.23","79.25","76.00","83.49M","1.39%"
"07/13/2022","77.52","74.94","79.11","74.48","79.35M","1.52%"
"07/12/2022","76.36","76.98","77.44","74.43","77.87M","-0.77%"
"07/11/2022","76.95","77.85","78.29","75.84","76.25M","-3.02%"
"07/08/2022","79.35","78.31","80.47","77.40","83.41M","0.06%"
"07/07/2022","79.30","77.19","79.99","76.90","83.64M","5.24%"
"07/06/2022","75.35","75.17","76.28","73.55","85.46M","0.20%"
"07/05/2022","75.20","71.98","75.21","71.60","95.69M","2.08%"
"07/01/2022","73.67","75.18","75.45","72.69","87.73M","-3.66%"
"06/30/2022","76.47","77.73","78.91","75.48","105.37M","-1.95%"
"06/29/2022","77.99","79.55","79.75","76.51","104.14M","-3.45%"
"06/28/2022","80.78","85.71","86.73","80.43","95.75M","-6.24%"
"06/27/2022","86.16","87.36","88.22","85.25","74.66M","-1.06%"
"06/24/2022","87.08","83.56","87.53","83.08","88.55M","5.64%"
"06/23/2022","82.43","84.32","84.41","80.23","100.61M","-1.58%"
"06/22/2022","83.75","84.40","86.38","83.30","86.63M","-0.05%"
"06/21/2022","83.79","84.17","85.81","82.60","87.78M","2.72%"
"06/17/2022","81.57","82.19","82.94","79.43","105.21M","-0.59%"
"06/16/2022","82.05","86.63","86.73","80.64","102.43M","-8.12%"
"06/15/2022","89.30","87.90","90.86","86.19","95.77M","2.66%"
"06/14/2022","86.99","87.41","88.30","85.82","84.07M","0.00%"
"06/13/2022","86.99","91.26","92.03","86.64","98.15M","-8.26%"
"06/10/2022","94.82","98.82","99.93","94.25","102.21M","-4.03%"
"06/09/2022","98.80","101.57","103.94","98.74","95.30M","-3.04%"
"06/08/2022","101.90","104.57","105.85","100.41","97.64M","-3.21%"
"06/07/2022","105.28","104.24","106.24","102.61","79.02M","-0.35%"
"06/06/2022","105.65","108.27","109.57","104.22","96.73M","-0.61%"
"06/03/2022","106.30","105.80","109.39","104.65","110.84M","-2.11%"
"06/02/2022","108.59","100.78","109.50","100.78","120.95M","7.28%"
"06/01/2022","101.22","102.13","103.57","99.55","99.35M","-0.63%"
"05/31/2022","101.86","102.43","104.55","100.04","125.10M","-0.39%"
"05/27/2022","102.26","100.14","102.40","99.38","104.35M","3.55%"
"05/26/2022","98.75","91.34","100.33","90.74","128.79M","6.58%"
"05/25/2022","92.65","90.43","93.89","89.52","111.77M","1.63%"
"05/24/2022","91.16","92.54","93.42","89.62","123.34M","-4.11%"
"05/23/2022","95.07","91.66","95.19","90.92","128.77M","1.68%"
"05/20/2022","93.50","98.39","98.64","88.26","164.13M","-3.28%"
"05/19/2022","96.67","96.69","100.69","95.09","141.51M","0.41%"
"05/18/2022","96.28","100.00","104.22","95.71","142.60M","-6.04%"
"05/17/2022","102.47","97.88","103.20","97.54","164.23M","8.73%"
"05/16/2022","94.24","93.86","98.17","93.08","131.07M","-0.93%"
"05/13/2022","95.12","88.30","96.57","88.22","138.07M","9.26%"
"05/12/2022","87.06","86.60","88.55","83.27","129.21M","-0.98%"
"05/11/2022","87.92","87.84","93.46","86.53","136.14M","-0.91%"
"05/10/2022","88.73","89.18","90.77","85.41","137.24M","2.74%"
"05/09/2022","86.36","92.86","93.74","85.38","144.52M","-9.42%"
"05/06/2022","95.34","94.34","98.18","92.65","144.29M","1.57%"
"05/05/2022","93.87","97.65","97.84","92.17","153.13M","-5.58%"
"05/04/2022","99.42","98.18","99.69","91.70","225.39M","9.10%"
"05/03/2022","91.13","89.85","92.21","89.01","126.38M","1.44%"
"05/02/2022","89.84","85.65","90.37","85.32","98.30M","5.05%"
"04/29/2022","85.52","88.05","91.79","85.38","82.65M","-4.60%"
"04/28/2022","89.64","86.67","90.58","84.78","91.50M","5.57%"
"04/27/2022","84.91","84.25","87.90","84.02","83.13M","-0.29%"
"04/26/2022","85.16","89.74","90.12","85.08","89.13M","-6.10%"
"04/25/2022","90.69","89.86","91.37","88.61","93.48M","2.89%"
"04/22/2022","88.14","90.03","91.46","87.93","75.02M","-1.90%"
"04/21/2022","89.85","95.16","96.23","89.24","76.68M","-4.44%"
"04/20/2022","94.02","97.84","97.91","93.20","62.49M","-3.00%"
"04/19/2022","96.93","93.39","97.07","92.84","77.07M","3.24%"
"04/18/2022","93.89","92.03","95.16","91.64","80.61M","0.89%"
"04/14/2022","93.06","98.37","98.39","92.92","73.35M","-4.79%"
"04/13/2022","97.74","95.30","98.33","94.71","77.73M","2.78%"
"04/12/2022","95.10","98.78","99.59","94.60","89.25M","-2.33%"
"04/11/2022","97.37","98.60","98.67","95.94","95.53M","-3.59%"
"04/08/2022","101.00","102.51","102.99","100.42","92.75M","-2.62%"
"04/07/2022","103.72","103.92","105.24","100.91","91.90M","0.05%"
"04/06/2022","103.67","104.45","105.74","101.71","105.26M","-2.95%"
"04/05/2022","106.82","109.68","110.48","106.05","79.53M","-3.36%"
"04/04/2022","110.53","109.97","110.94","107.03","90.22M","2.16%"
"04/01/2022","108.19","110.48","111.42","106.10","111.87M","-1.05%"
"03/31/2022","109.34","116.31","116.38","109.02","147.00M","-8.29%"
"03/30/2022","119.22","123.04","125.67","118.59","99.48M","-3.25%"
"03/29/2022","123.23","122.28","123.71","119.59","94.14M","2.49%"
"03/28/2022","120.24","117.70","120.41","116.71","92.97M","0.48%"
"03/25/2022","119.67","119.92","121.40","117.25","95.85M","-0.71%"
"03/24/2022","120.53","114.96","120.55","113.71","121.96M","5.80%"
"03/23/2022","113.92","114.29","117.55","112.21","90.58M","-0.75%"
"03/22/2022","114.78","115.43","117.95","113.81","101.67M","-0.98%"
"03/21/2022","115.92","113.73","117.57","112.54","101.91M","2.17%"
"03/18/2022","113.46","111.28","114.93","110.55","105.83M","1.58%"
"03/17/2022","111.69","112.14","114.27","109.71","103.20M","-3.19%"
"03/16/2022","115.37","111.60","115.42","109.89","113.69M","5.52%"
"03/15/2022","109.33","102.66","109.69","101.79","112.43M","6.92%"
"03/14/2022","102.25","102.99","105.24","101.04","89.73M","-1.96%"
"03/11/2022","104.29","108.13","108.19","104.08","87.58M","-2.04%"
"03/10/2022","106.46","108.89","109.07","103.07","102.56M","-4.13%"
"03/09/2022","111.05","108.41","111.71","106.85","102.31M","5.23%"
"03/08/2022","105.53","102.81","109.90","100.08","135.35M","2.51%"
"03/07/2022","102.95","108.53","109.53","102.82","92.60M","-5.04%"
"03/04/2022","108.41","112.00","113.00","106.81","100.67M","-3.19%"
"03/03/2022","111.98","118.13","118.26","111.05","123.92M","-5.33%"
"03/02/2022","118.28","115.47","119.48","113.31","118.36M","3.91%"
"03/01/2022","113.83","122.33","122.43","112.80","126.55M","-7.71%"
"02/28/2022","123.34","120.31","124.61","119.20","124.67M","1.88%"
"02/25/2022","121.06","117.16","121.23","116.04","127.82M","3.82%"
"02/24/2022","116.61","104.56","116.96","104.26","142.96M","6.24%"
"02/23/2022","109.76","117.40","118.65","109.04","120.30M","-5.09%"
"02/22/2022","115.65","115.27","119.20","113.61","141.65M","1.60%"
"02/18/2022","113.83","113.90","115.64","109.89","114.32M","1.30%"
"02/17/2022","112.37","116.26","116.98","112.26","98.18M","-4.52%"
"02/16/2022","117.69","119.05","119.54","114.22","119.11M","-3.11%"
"02/15/2022","121.47","117.19","121.88","114.36","144.14M","6.30%"
"02/14/2022","114.27","115.51","118.37","113.46","135.15M","0.96%"
"02/11/2022","113.18","126.14","127.17","111.81","164.72M","-10.01%"
"02/10/2022","125.77","128.84","131.76","124.61","108.94M","-5.33%"
"02/09/2022","132.85","129.60","132.96","127.65","92.95M","3.60%"
"02/08/2022","128.23","122.38","128.71","122.05","84.90M","3.69%"
"02/07/2022","123.67","123.56","127.63","122.79","81.67M","0.06%"
"02/04/2022","123.60","120.34","124.96","118.58","86.21M","2.93%"
"02/03/2022","120.08","120.32","125.37","118.82","103.60M","-2.18%"
"02/02/2022","122.76","129.89","130.06","120.64","180.06M","5.12%"
"02/01/2022","116.78","116.75","117.26","112.73","122.47M","2.21%"
"01/31/2022","114.25","107.93","114.31","106.90","97.21M","8.56%"
"01/28/2022","105.24","101.55","105.40","99.35","98.75M","2.57%"
"01/27/2022","102.60","111.96","112.75","101.94","125.95M","-7.33%"
"01/26/2022","110.71","114.55","117.16","108.63","94.75M","-0.38%"
"01/25/2022","111.13","114.10","114.82","109.86","85.10M","-4.63%"
"01/24/2022","116.53","115.40","116.77","107.50","116.30M","-1.92%"
"01/21/2022","118.81","120.14","125.02","118.39","95.69M","-2.53%"
"01/20/2022","121.89","126.04","128.51","121.41","91.16M","-4.97%"
"01/19/2022","128.27","133.55","134.57","128.02","69.83M","-2.77%"
"01/18/2022","131.93","134.50","136.39","131.59","56.59M","-3.62%"
"01/14/2022","136.88","131.68","137.00","131.43","71.08M","3.12%"
"01/13/2022","132.74","139.44","141.25","131.81","76.62M","-3.44%"
"01/12/2022","137.47","138.59","140.57","135.77","69.67M","0.12%"
"01/11/2022","137.31","133.45","138.99","131.59","77.15M","4.02%"
"01/10/2022","132.00","129.08","132.42","125.03","84.67M","0.00%"
"01/07/2022","132.00","136.28","137.44","131.13","58.44M","-3.11%"
"01/06/2022","136.23","136.19","138.00","131.77","64.80M","0.06%"
"01/05/2022","136.15","142.82","143.76","135.29","65.40M","-5.73%"
"01/04/2022","144.42","151.01","152.42","140.70","80.20M","-3.87%"
"01/03/2022","150.24","145.13","151.65","145.02","59.48M","4.41%"
"12/31/2021","143.90","146.16","148.61","143.55","49.45M","-0.86%"
"12/30/2021","145.15","147.44","148.85","144.85","44.36M","-2.10%"
"12/29/2021","148.26","152.82","154.34","147.29","51.30M","-3.19%"
"12/28/2021","153.15","155.88","156.73","151.38","58.70M","-0.78%"
"12/27/2021","154.36","147.51","154.89","147.25","53.30M","5.62%"
"12/23/2021","146.14","143.89","149.02","143.85","48.65M","1.57%"
"12/22/2021","143.88","142.65","144.50","140.27","46.92M","-0.26%"
"12/21/2021","144.25","138.18","144.50","135.15","57.79M","6.22%"
"12/20/2021","135.80","135.97","138.26","133.52","38.20M","-1.42%"
"12/17/2021","137.75","136.30","142.04","136.11","55.69M","-0.64%"
"12/16/2021","138.64","147.00","147.93","137.02","63.37M","-5.37%"
"12/15/2021","146.50","135.11","146.69","133.81","72.43M","8.04%"
"12/14/2021","135.60","131.67","137.24","130.60","50.76M","1.35%"
"12/13/2021","133.80","138.25","139.40","133.41","42.17M","-3.43%"
"12/10/2021","138.55","141.29","141.37","135.82","42.22M","0.33%"
"12/09/2021","138.10","145.16","146.69","137.80","53.02M","-4.92%"
"12/08/2021","145.24","144.96","147.04","142.70","40.98M","0.27%"
"12/07/2021","144.85","143.90","145.76","141.00","53.36M","4.16%"
"12/06/2021","139.06","141.13","141.31","134.20","66.78M","-3.44%"
"12/03/2021","144.01","151.65","152.38","140.72","65.91M","-4.43%"
"12/02/2021","150.68","147.68","152.53","146.47","56.16M","1.05%"
"12/01/2021","149.11","160.37","160.88","148.92","64.19M","-5.85%"
"11/30/2021","158.37","163.28","164.46","155.68","75.18M","-2.19%"
"11/29/2021","161.91","157.50","162.51","156.10","57.44M","4.59%"
"11/26/2021","154.81","155.80","158.10","152.81","36.25M","-1.89%"
"11/24/2021","157.80","149.46","157.93","147.19","60.68M","5.26%"
"11/23/2021","149.92","150.41","152.66","145.30","62.85M","-1.70%"
"11/22/2021","152.52","157.14","161.88","152.39","58.67M","-1.86%"
"11/19/2021","155.41","155.76","156.92","153.45","41.67M","0.25%"
"11/18/2021","155.02","157.07","158.89","152.56","60.61M","2.43%"
"11/17/2021","151.34","151.98","154.66","149.69","54.53M","-0.73%"
"11/16/2021","152.45","145.93","153.08","145.34","53.10M","4.07%"
"11/15/2021","146.49","148.00","148.98","142.86","52.27M","-0.95%"
"11/12/2021","147.89","146.02","148.59","144.25","52.16M","1.29%"
"11/11/2021","146.01","142.96","146.47","140.84","67.94M","4.39%"
"11/10/2021","139.87","143.93","146.30","138.52","82.99M","-6.08%"
"11/09/2021","148.92","154.01","155.65","143.89","98.44M","-0.83%"
"11/08/2021","150.16","137.70","153.60","137.70","141.49M","10.14%"
"11/05/2021","136.34","139.18","141.22","134.42","64.92M","-0.84%"
"11/04/2021","137.50","132.01","139.00","130.77","84.83M","5.34%"
"11/03/2021","130.53","127.75","130.60","126.79","59.54M","2.27%"
"11/02/2021","127.63","124.98","128.46","124.20","53.49M","1.92%"
"11/01/2021","125.23","119.45","125.67","118.13","54.56M","4.16%"
"10/29/2021","120.23","120.95","122.57","119.88","43.32M","-0.77%"
"10/28/2021","121.16","122.86","123.50","120.26","58.00M","-0.92%"
"10/27/2021","122.28","121.63","128.08","121.05","98.25M","-0.53%"
"10/26/2021","122.93","122.99","127.20","122.58","59.46M","0.47%"
"10/25/2021","122.36","120.51","123.46","118.60","47.83M","2.12%"
"10/22/2021","119.82","120.82","121.56","118.37","38.99M","0.41%"
"10/21/2021","119.33","116.50","119.68","116.26","34.80M","2.53%"
"10/20/2021","116.39","116.29","118.30","115.42","34.25M","0.05%"
"10/19/2021","116.33","116.16","117.17","114.47","39.59M","-0.09%"
"10/18/2021","116.43","111.90","116.88","111.37","47.54M","3.84%"
"10/15/2021","112.12","112.50","112.83","111.11","34.20M","0.12%"
"10/14/2021","111.99","110.50","112.22","109.63","46.90M","2.59%"
"10/13/2021","109.16","106.28","109.88","106.25","55.63M","3.92%"
"10/12/2021","105.04","105.17","106.04","104.34","34.04M","0.34%"
"10/11/2021","104.68","104.62","107.20","104.02","31.28M","-0.36%"
"10/08/2021","105.06","106.55","107.28","104.89","30.62M","-1.31%"
"10/07/2021","106.45","104.60","107.95","104.46","41.54M","2.71%"
"10/06/2021","103.64","100.44","103.72","100.35","39.07M","1.80%"
"10/05/2021","101.81","100.92","102.87","100.61","31.46M","1.47%"
"10/04/2021","100.34","101.74","101.85","99.82","41.97M","-2.06%"
"10/01/2021","102.45","102.60","103.00","100.64","41.49M","-0.44%"
"09/30/2021","102.90","102.08","104.44","101.99","57.64M","2.54%"
"09/29/2021","100.35","102.29","102.66","99.81","52.23M","-1.15%"
"09/28/2021","101.52","106.83","107.65","101.42","74.47M","-6.14%"
"09/27/2021","108.16","105.07","108.44","103.44","51.94M","2.23%"
"09/24/2021","105.80","105.18","106.05","104.68","26.48M","-0.33%"
"09/23/2021","106.15","104.89","106.86","103.89","32.82M","1.70%"
"09/22/2021","104.38","102.82","104.56","102.21","34.13M","1.52%"
"09/21/2021","102.82","102.15","103.43","101.18","35.48M","1.25%"
"09/20/2021","101.55","101.58","102.51","99.51","45.23M","-2.24%"
"09/17/2021","103.88","105.56","105.98","103.71","44.53M","-2.20%"
"09/16/2021","106.22","104.92","106.75","103.76","38.15M","0.59%"
"09/15/2021","105.60","106.00","106.32","104.03","38.00M","-0.12%"
"09/14/2021","105.73","105.52","106.82","104.42","40.63M","0.89%"
"09/13/2021","104.80","105.26","105.28","102.63","37.77M","-0.38%"
"09/10/2021","105.20","106.99","106.99","104.98","32.60M","-0.89%"
"09/09/2021","106.15","106.56","107.30","105.84","31.86M","-0.02%"
"09/08/2021","106.17","108.88","109.30","105.52","43.07M","-2.73%"
"09/07/2021","109.15","109.96","110.58","108.66","28.82M","-0.70%"
"09/03/2021","109.92","108.85","111.17","108.50","42.62M","0.66%"
"09/02/2021","109.20","110.32","110.88","108.77","40.11M","-0.72%"
"09/01/2021","109.99","111.30","111.85","109.85","38.58M","-0.66%"
"08/31/2021","110.72","111.26","111.26","109.03","49.34M","-0.54%"
"08/30/2021","111.32","112.61","114.49","111.26","56.13M","-0.07%"
"08/27/2021","111.40","108.01","111.78","107.80","61.03M","3.85%"
"08/26/2021","107.27","108.57","109.23","106.84","51.44M","-0.95%"
"08/25/2021","108.30","108.13","109.91","107.45","45.49M","0.60%"
"08/24/2021","107.65","109.45","109.61","107.28","51.24M","-1.03%"
"08/23/2021","108.77","105.29","109.02","104.86","68.84M","3.94%"
"08/20/2021","104.65","104.32","105.98","103.99","55.23M","0.92%"
"08/19/2021","103.70","103.32","106.18","101.97","71.12M","0.25%"
"08/18/2021","103.44","107.35","108.07","103.27","79.39M","-3.83%"
"08/17/2021","107.56","106.64","108.70","105.35","74.05M","0.07%"
"08/16/2021","107.48","110.20","111.58","105.86","73.40M","-2.78%"
"08/13/2021","110.55","107.17","111.71","106.57","100.14M","3.80%"
"08/12/2021","106.50","107.39","108.44","105.86","60.63M","-1.10%"
"08/11/2021","107.68","107.60","109.79","105.62","91.79M","1.13%"
"08/10/2021","106.48","107.89","109.17","104.36","113.01M","-1.02%"
"08/09/2021","107.58","111.31","112.33","107.06","115.75M","-2.30%"
"08/06/2021","110.11","110.55","116.26","109.70","143.90M","-1.99%"
"08/05/2021","112.35","116.63","117.68","111.59","137.86M","-5.41%"
"08/04/2021","118.77","114.36","122.49","114.16","225.37M","5.52%"
"08/03/2021","112.56","108.15","114.85","107.66","157.72M","3.62%"
"08/02/2021","108.63","105.93","110.33","103.83","115.58M","2.30%"
"07/30/2021","106.19","101.60","106.97","101.38","125.63M","3.15%"
"07/29/2021","102.95","96.58","105.74","96.58","164.09M","5.13%"
"07/28/2021","97.93","93.44","98.71","89.65","140.56M","7.58%"
"07/27/2021","91.03","92.94","94.10","89.10","69.43M","-0.86%"
"07/26/2021","91.82","92.01","92.75","91.12","27.67M","-0.36%"
"07/23/2021","92.15","91.35","92.37","90.19","31.71M","1.03%"
"07/22/2021","91.21","89.40","91.36","89.08","33.73M","2.01%"
"07/21/2021","89.41","87.25","89.49","86.90","29.47M","2.64%"
"07/20/2021","87.11","87.09","87.77","85.17","28.09M","0.61%"
"07/19/2021","86.58","84.99","87.23","84.24","39.25M","0.80%"
"07/16/2021","85.89","87.32","88.03","85.68","35.86M","-1.20%"
"07/15/2021","86.93","89.78","89.78","86.18","38.95M","-2.38%"
"07/14/2021","89.05","90.76","91.39","88.94","28.11M","-1.34%"
"07/13/2021","90.26","90.48","91.41","89.83","30.37M","-0.61%"
"07/12/2021","90.81","91.22","91.90","89.65","28.53M","-0.10%"
"07/09/2021","90.90","90.04","91.26","88.53","35.28M","1.29%"
"07/08/2021","89.74","87.86","90.34","87.45","45.67M","-0.88%"
"07/07/2021","90.54","95.02","95.44","90.31","51.50M","-4.16%"
"07/06/2021","94.47","94.88","95.41","93.32","44.93M","-0.24%"
"07/02/2021","94.70","93.28","95.27","92.21","51.34M","1.49%"
"07/01/2021","93.31","94.04","94.18","91.70","58.06M","-0.66%"
"06/30/2021","93.93","90.82","94.33","90.60","70.72M","4.93%"
"06/29/2021","89.52","87.41","90.30","86.66","46.18M","2.80%"
"06/28/2021","87.08","86.38","88.00","86.15","30.26M","1.71%"
"06/25/2021","85.62","86.34","86.36","85.10","27.81M","-0.56%"
"06/24/2021","86.10","84.39","87.14","84.36","42.22M","2.72%"
"06/23/2021","83.82","83.83","84.49","83.16","25.99M","0.29%"
"06/22/2021","83.58","82.90","84.04","82.48","32.11M","1.20%"
"06/21/2021","82.59","83.49","84.19","82.21","44.42M","-2.43%"
"06/18/2021","84.65","84.28","85.77","83.48","58.74M","0.11%"
"06/17/2021","84.56","80.77","85.37","80.57","77.82M","5.55%"
"06/16/2021","80.11","80.75","81.45","78.96","29.60M","-0.45%"
"06/15/2021","80.47","81.59","81.68","80.22","26.19M","-1.32%"
"06/14/2021","81.55","81.51","81.55","80.20","27.83M","0.30%"
"06/11/2021","81.31","81.61","82.33","80.70","24.31M","-0.31%"
"06/10/2021","81.56","80.02","81.71","79.70","28.61M","2.00%"
"06/09/2021","79.96","81.09","81.68","79.80","28.46M","-1.15%"
"06/08/2021","80.89","81.87","82.64","80.45","26.96M","-0.57%"
"06/07/2021","81.35","81.40","81.68","80.38","29.01M","-0.28%"
"06/04/2021","81.58","80.92","82.19","80.81","26.39M","1.62%"
"06/03/2021","80.28","81.13","81.89","80.26","29.81M","-2.06%"
"06/02/2021","81.97","81.00","82.60","80.66","35.20M","1.44%"
"06/01/2021","80.81","81.01","82.91","80.66","43.43M","0.91%"
"05/28/2021","80.08","78.66","81.09","78.66","40.95M","2.12%"
"05/27/2021","78.42","78.11","78.43","77.47","35.88M","0.10%"
"05/26/2021","78.34","77.83","78.59","77.59","30.35M","0.62%"
"05/25/2021","77.86","77.33","78.77","76.84","47.35M","0.54%"
"05/24/2021","77.44","77.26","78.01","76.80","33.19M","0.35%"
"05/21/2021","77.17","78.55","78.81","77.04","40.20M","-1.14%"
"05/20/2021","78.06","76.81","78.27","76.25","49.14M","2.40%"
"05/19/2021","76.23","73.16","76.97","72.76","73.97M","2.40%"
"05/18/2021","74.44","74.74","75.77","74.24","31.98M","-0.28%"
"05/17/2021","74.65","74.21","75.52","73.41","40.78M","0.08%"
"05/14/2021","74.59","74.02","75.03","72.72","38.36M","2.05%"
"05/13/2021","73.09","75.21","75.70","72.50","48.65M","-2.08%"
"05/12/2021","74.64","75.09","76.13","74.16","42.53M","-2.85%"
"05/11/2021","76.83","73.57","76.93","72.75","51.01M","1.11%"
"05/10/2021","75.99","78.20","78.30","75.92","45.13M","-3.58%"
"05/07/2021","78.81","78.75","79.57","78.22","36.95M","1.18%"
"05/06/2021","77.89","77.63","78.06","76.47","38.66M","0.08%"
"05/05/2021","77.83","79.05","79.30","77.36","42.31M","-0.99%"
"05/04/2021","78.61","77.95","78.67","77.04","59.19M","0.08%"
"05/03/2021","78.55","81.97","82.00","78.46","66.32M","-3.76%"
"04/30/2021","81.62","82.97","84.10","81.42","46.60M","-2.73%"
"04/29/2021","83.91","84.70","85.27","82.63","51.30M","-0.13%"
"04/28/2021","84.02","88.85","89.20","83.92","108.92M","-1.40%"
"04/27/2021","85.21","85.67","87.15","85.13","61.91M","-0.23%"
"04/26/2021","85.41","83.35","85.90","82.70","57.60M","3.20%"
"04/23/2021","82.76","80.21","83.30","79.96","49.27M","4.68%"
"04/22/2021","79.06","81.61","81.79","78.59","38.85M","-3.12%"
"04/21/2021","81.61","78.99","81.66","78.86","35.07M","2.95%"
"04/20/2021","79.27","80.82","81.11","78.51","34.98M","-2.27%"
"04/19/2021","81.11","82.13","83.18","80.39","39.12M","-1.27%"
"04/16/2021","82.15","83.30","83.59","81.53","47.28M","-1.04%"
"04/15/2021","83.01","80.32","83.95","79.97","68.94M","5.68%"
"04/14/2021","78.55","79.88","80.13","77.93","34.26M","-2.05%"
"04/13/2021","80.19","79.67","80.72","78.98","37.77M","2.05%"
"04/12/2021","78.58","82.06","82.18","78.03","62.10M","-5.05%"
"04/09/2021","82.76","82.80","83.59","82.16","32.76M","-0.71%"
"04/08/2021","83.35","83.32","83.79","82.43","41.93M","1.40%"
"04/07/2021","82.20","81.32","83.10","80.35","35.59M","0.93%"
"04/06/2021","81.44","81.21","82.46","80.88","29.33M","0.01%"
"04/05/2021","81.43","81.74","81.90","80.39","32.61M","0.42%"
"04/01/2021","81.09","80.15","81.31","79.48","40.18M","3.30%"
"03/31/2021","78.50","76.57","79.13","76.52","43.66M","3.29%"
"03/30/2021","76.00","76.47","76.56","74.85","39.17M","-1.48%"
"03/29/2021","77.14","77.03","78.02","76.26","37.14M","-0.35%"
"03/26/2021","77.41","76.62","77.50","75.03","49.15M","1.56%"
"03/25/2021","76.22","75.85","76.95","74.96","44.74M","-0.34%"
"03/24/2021","76.48","77.55","78.80","76.40","43.75M","-2.42%"
"03/23/2021","78.38","80.13","80.34","77.95","40.47M","-2.39%"
"03/22/2021","80.30","79.99","81.26","79.22","39.65M","1.57%"
"03/19/2021","79.06","78.49","79.34","77.59","42.28M","1.20%"
"03/18/2021","78.12","81.06","81.62","78.01","51.04M","-5.46%"
"03/17/2021","82.63","81.75","83.25","80.41","43.32M","-0.15%"
"03/16/2021","82.75","83.66","84.75","82.25","42.97M","0.30%"
"03/15/2021","82.50","81.91","83.39","81.20","39.37M","1.79%"
"03/12/2021","81.05","79.73","81.19","79.23","32.94M","-0.22%"
"03/11/2021","81.23","79.40","81.89","79.37","43.58M","4.79%"
"03/10/2021","77.52","79.75","80.04","77.41","45.42M","-1.29%"
"03/09/2021","78.53","76.73","79.21","75.77","45.09M","6.18%"
"03/08/2021","73.96","78.03","79.00","73.86","54.56M","-5.81%"
"03/05/2021","78.52","79.00","79.48","74.20","58.55M","0.99%"
"03/04/2021","77.75","80.23","81.81","76.78","60.55M","-3.85%"
"03/03/2021","80.86","84.28","84.38","80.85","43.54M","-3.89%"
"03/02/2021","84.13","86.92","86.95","84.04","34.83M","-2.62%"
"03/01/2021","86.39","85.36","86.50","83.97","32.75M","2.22%"
"02/26/2021","84.51","83.57","85.59","82.91","48.96M","2.54%"
"02/25/2021","82.42","86.17","87.09","81.92","54.63M","-5.20%"
"02/24/2021","86.94","84.33","87.09","82.81","40.82M","2.60%"
"02/23/2021","84.74","83.40","85.11","79.36","49.72M","-0.74%"
"02/22/2021","85.37","88.15","88.30","85.21","36.93M","-4.70%"
"02/19/2021","89.58","89.75","90.42","88.69","29.55M","1.06%"
"02/18/2021","88.64","89.09","89.60","87.31","35.63M","-1.45%"
"02/17/2021","89.94","90.56","90.96","88.57","32.28M","-1.66%"
"02/16/2021","91.46","93.90","94.00","90.75","35.11M","-2.46%"
"02/12/2021","93.77","92.75","94.22","91.90","38.54M","1.20%"
"02/11/2021","92.66","92.90","93.65","91.33","35.57M","0.34%"
"02/10/2021","92.35","91.50","93.27","90.46","42.44M","1.58%"
"02/09/2021","90.91","91.39","93.30","90.55","37.60M","-0.61%"
"02/08/2021","91.47","88.31","91.99","87.98","47.64M","4.06%"
"02/05/2021","87.90","88.15","88.36","86.88","30.27M","0.07%"
"02/04/2021","87.84","88.22","88.60","87.06","30.79M","-0.06%"
"02/03/2021","87.89","88.60","89.48","87.34","32.31M","-1.09%"
"02/02/2021","88.86","88.49","89.28","86.95","33.85M","1.37%"
"02/01/2021","87.66","86.83","87.95","84.66","42.36M","2.36%"
"01/29/2021","85.64","87.56","88.33","85.02","56.74M","-2.15%"
"01/28/2021","87.52","89.83","89.88","87.30","47.05M","-1.49%"
"01/27/2021","88.84","91.10","91.88","86.22","73.34M","-6.20%"
"01/26/2021","94.71","94.91","95.72","93.63","59.45M","0.62%"
"01/25/2021","94.13","94.14","95.74","91.40","55.09M","1.44%"
"01/22/2021","92.79","94.42","95.95","91.88","71.30M","1.38%"
"01/21/2021","91.53","89.34","92.07","88.43","54.60M","3.13%"
"01/20/2021","88.75","90.55","90.78","88.60","35.19M","-0.78%"
"01/19/2021","89.45","89.56","89.58","87.24","45.12M","1.41%"
"01/15/2021","88.21","90.75","91.59","87.86","49.34M","-2.84%"
"01/14/2021","90.79","91.77","92.36","90.45","53.41M","-1.08%"
"01/13/2021","91.78","93.01","93.89","90.84","60.71M","-3.75%"
"01/12/2021","95.36","97.86","98.97","94.07","67.67M","-1.95%"
"01/11/2021","97.25","94.03","99.23","93.76","48.67M","2.82%"
"01/08/2021","94.58","95.98","96.40","93.27","39.82M","-0.61%"
"01/07/2021","95.16","91.33","95.51","91.20","42.90M","5.35%"
"01/06/2021","90.33","91.62","92.28","89.46","51.91M","-2.63%"
"01/05/2021","92.77","92.10","93.21","91.41","34.21M","0.51%"
"01/04/2021","92.30","92.11","96.06","90.92","51.80M","0.64%"
"12/31/2020","91.71","92.10","92.30","90.87","24.93M","-0.63%"
"12/30/2020","92.29","90.78","92.85","90.19","25.85M","1.84%"
"12/29/2020","90.62","91.66","92.46","89.43","31.75M","-1.07%"
"12/28/2020","91.60","92.93","93.14","90.82","30.63M","-0.23%"
"12/24/2020","91.81","91.80","92.51","91.31","16.71M","0.28%"
"12/23/2020","91.55","93.08","93.13","91.46","25.99M","-1.73%"
"12/22/2020","93.16","93.36","93.55","90.53","35.72M","-0.08%"
"12/21/2020","93.23","94.25","95.28","91.08","47.09M","-2.80%"
"12/18/2020","95.92","97.27","97.68","93.56","51.82M","-0.95%"
"12/17/2020","96.84","97.55","97.92","96.25","32.02M","-0.01%"
"12/16/2020","96.85","97.04","97.27","95.46","34.91M","-0.28%"
"12/15/2020","97.12","95.93","97.98","95.45","57.31M","2.47%"
"12/14/2020","94.78","92.21","95.41","91.85","48.03M","3.42%"
"12/11/2020","91.65","91.54","92.33","90.16","28.37M","-0.01%"
"12/10/2020","91.66","89.55","92.09","89.03","33.80M","2.04%"
"12/09/2020","89.83","92.76","94.70","89.16","52.17M","-3.33%"
"12/08/2020","92.92","94.05","94.74","91.90","33.91M","-1.22%"
"12/07/2020","94.07","94.95","95.00","92.97","39.82M","0.03%"
"12/04/2020","94.04","92.58","94.58","90.63","45.57M","1.87%"
"12/03/2020","92.31","94.06","94.70","92.01","35.86M","-1.53%"
"12/02/2020","93.74","92.89","96.37","92.53","57.99M","1.20%"
"12/01/2020","92.63","92.25","93.90","90.78","58.67M","-0.03%"
"11/30/2020","92.66","87.33","92.74","86.53","84.48M","6.27%"
"11/27/2020","87.19","87.99","88.00","86.36","22.72M","0.55%"
"11/25/2020","86.71","85.76","87.84","85.52","41.35M","1.93%"
"11/24/2020","85.07","85.72","86.11","83.32","36.84M","-0.28%"
"11/23/2020","85.31","85.52","87.54","84.61","46.51M","0.79%"
"11/20/2020","84.64","85.28","86.10","84.47","35.01M","-1.05%"
"11/19/2020","85.54","82.39","85.64","81.72","50.12M","3.63%"
"11/18/2020","82.54","83.01","83.96","82.22","29.97M","-0.98%"
"11/17/2020","83.36","83.93","84.81","82.91","29.47M","-0.44%"
"11/16/2020","83.73","81.21","83.78","80.48","38.64M","2.82%"
"11/13/2020","81.43","82.73","83.11","80.70","30.45M","-0.50%"
"11/12/2020","81.84","81.32","83.00","80.30","37.30M","0.69%"
"11/11/2020","81.28","79.39","81.47","78.97","44.61M","4.22%"
"11/10/2020","77.99","81.93","82.13","77.63","67.14M","-6.17%"
"11/09/2020","83.12","84.24","87.05","82.77","58.58M","-3.21%"
"11/06/2020","85.88","83.52","86.09","82.67","53.83M","3.47%"
"11/05/2020","83.00","83.27","83.50","81.85","46.54M","2.03%"
"11/04/2020","81.35","80.25","81.85","78.97","66.58M","6.23%"
"11/03/2020","76.58","74.93","77.08","74.60","41.23M","2.52%"
"11/02/2020","74.70","75.85","76.34","73.76","45.76M","-0.78%"
"10/30/2020","75.29","77.09","77.70","74.23","51.43M","-3.50%"
"10/29/2020","78.02","76.75","79.18","76.29","52.78M","2.12%"
"10/28/2020","76.40","78.73","78.96","75.76","76.53M","-3.14%"
"10/27/2020","78.88","82.00","82.37","77.57","156.67M","-4.07%"
"10/26/2020","82.23","82.55","84.97","80.86","69.42M","0.33%"
"10/23/2020","81.96","80.93","81.99","79.33","46.56M","3.20%"
"10/22/2020","79.42","79.65","80.82","78.42","38.01M","0.28%"
"10/21/2020","79.20","81.72","81.93","79.19","36.43M","-2.89%"
"10/20/2020","81.56","82.16","82.69","80.58","38.22M","-0.54%"
"10/19/2020","82.00","83.62","84.65","81.53","36.69M","-1.41%"
"10/16/2020","83.17","83.54","83.99","82.41","31.47M","0.05%"
"10/15/2020","83.13","83.40","84.72","82.42","33.70M","-1.28%"
"10/14/2020","84.21","85.86","85.96","83.46","40.45M","-1.25%"
"10/13/2020","85.28","84.86","86.09","83.97","42.76M","1.17%"
"10/12/2020","84.29","83.65","85.13","83.12","47.67M","1.43%"
"10/09/2020","83.10","84.74","85.75","82.35","80.35M","-3.94%"
"10/08/2020","86.51","88.11","88.72","85.95","54.24M","-0.21%"
"10/07/2020","86.69","86.10","87.79","85.65","43.05M","2.62%"
"10/06/2020","84.48","86.21","87.25","83.54","52.73M","-1.94%"
"10/05/2020","86.15","82.55","86.28","82.55","47.06M","5.32%"
"10/02/2020","81.80","82.58","84.65","81.66","52.86M","-3.61%"
"10/01/2020","84.86","83.06","85.25","82.86","52.18M","3.50%"
"09/30/2020","81.99","81.75","82.94","80.66","51.53M","0.27%"
"09/29/2020","81.77","79.30","82.55","79.30","61.63M","2.88%"
"09/28/2020","79.48","79.12","79.57","77.52","48.01M","1.83%"
"09/25/2020","78.06","76.35","78.20","74.67","48.21M","2.95%"
"09/24/2020","75.82","74.54","77.25","73.90","57.54M","1.46%"
"09/23/2020","74.73","77.39","77.91","74.34","42.33M","-3.82%"
"09/22/2020","77.70","78.36","78.79","75.27","56.05M","-0.31%"
"09/21/2020","77.94","74.23","77.98","73.88","61.31M","4.02%"
"09/18/2020","74.93","77.00","77.40","73.85","51.08M","-2.12%"
"09/17/2020","76.55","74.88","76.63","74.20","55.62M","-0.14%"
"09/16/2020","76.66","79.35","79.72","76.54","38.45M","-2.88%"
"09/15/2020","78.93","77.66","80.33","75.97","57.87M","1.32%"
"09/14/2020","77.90","76.80","78.82","76.26","47.45M","2.04%"
"09/11/2020","76.34","79.82","79.99","75.04","54.76M","-3.34%"
"09/10/2020","78.98","83.07","83.31","78.38","51.50M","-3.58%"
"09/09/2020","81.91","81.40","82.44","79.28","54.16M","4.09%"
"09/08/2020","78.69","78.05","81.88","78.00","54.96M","-4.05%"
"09/04/2020","82.01","81.45","84.39","76.33","82.27M","-0.64%"
"09/03/2020","82.54","87.84","88.47","81.59","87.46M","-8.51%"
"09/02/2020","90.22","94.01","94.28","88.74","50.37M","-2.13%"
"09/01/2020","92.18","91.92","92.51","90.19","56.12M","1.50%"
"08/31/2020","90.82","85.05","92.64","85.05","90.66M","6.16%"
"08/28/2020","85.55","84.30","86.04","84.19","40.72M","2.09%"
"08/27/2020","83.80","86.35","86.58","82.94","42.19M","-2.58%"
"08/26/2020","86.02","86.97","87.72","85.20","47.16M","-0.38%"
"08/25/2020","86.35","83.36","86.62","82.35","49.23M","3.94%"
"08/24/2020","83.08","84.55","85.33","82.55","38.04M","-0.87%"
"08/21/2020","83.81","83.29","84.41","82.23","48.28M","1.26%"
"08/20/2020","82.77","79.74","82.84","79.12","42.95M","2.07%"
"08/19/2020","81.09","81.78","81.85","80.45","37.51M","-0.70%"
"08/18/2020","81.66","82.80","82.88","81.03","30.97M","-0.92%"
"08/17/2020","82.42","82.09","83.06","81.55","31.45M","1.38%"
"08/14/2020","81.30","81.81","83.24","80.88","42.39M","-0.66%"
"08/13/2020","81.84","82.88","84.02","81.54","57.41M","-0.93%"
"08/12/2020","82.61","78.43","82.88","77.55","88.61M","7.45%"
"08/11/2020","76.88","80.48","80.53","76.20","77.88M","-6.52%"
"08/10/2020","82.24","84.96","84.97","79.39","70.54M","-3.08%"
"08/07/2020","84.85","86.67","87.29","82.67","66.54M","-2.15%"
"08/06/2020","86.71","85.49","86.96","84.81","53.96M","1.64%"
"08/05/2020","85.31","85.01","86.32","83.37","65.74M","0.32%"
"08/04/2020","85.04","78.07","85.77","78.02","155.68M","9.49%"
"08/03/2020","77.67","78.35","78.44","77.17","42.63M","0.31%"
"07/31/2020","77.43","78.67","78.96","75.36","71.70M","-0.98%"
"07/30/2020","78.20","75.44","78.95","75.10","80.29M","2.77%"
"07/29/2020","76.09","75.50","77.19","73.90","132.97M","12.54%"
"07/28/2020","67.61","67.94","69.80","67.06","94.18M","-1.97%"
"07/27/2020","68.97","69.32","71.57","67.82","107.92M","-0.62%"
"07/24/2020","69.40","64.18","69.94","64.05","205.31M","16.50%"
"07/23/2020","59.57","61.79","62.25","58.64","106.83M","-3.59%"
"07/22/2020","61.79","57.09","62.00","56.97","135.16M","8.40%"
"07/21/2020","57.00","57.83","58.44","56.33","44.80M","-0.80%"
"07/20/2020","57.46","55.23","57.53","54.83","45.03M","4.40%"
"07/17/2020","55.04","55.31","55.81","54.68","34.71M","0.22%"
"07/16/2020","54.92","54.68","55.13","53.75","36.89M","-0.76%"
"07/15/2020","55.34","54.96","55.37","53.66","42.36M","1.13%"
"07/14/2020","54.72","53.52","54.85","52.28","54.89M","2.11%"
"07/13/2020","53.59","56.70","58.34","53.40","57.74M","-4.10%"
"07/10/2020","55.88","57.54","58.15","55.51","59.84M","-2.41%"
"07/09/2020","57.26","53.54","57.53","53.33","87.22M","7.17%"
"07/08/2020","53.43","53.01","53.46","52.08","35.61M","0.94%"
"07/07/2020","52.93","53.28","54.17","52.86","32.15M","-0.88%"
"07/06/2020","53.40","52.83","53.51","52.34","36.77M","2.03%"
"07/02/2020","52.34","53.03","53.19","52.05","29.08M","-0.46%"
"07/01/2020","52.58","52.63","52.87","51.60","32.37M","-0.06%"
"06/30/2020","52.61","51.16","52.73","50.84","42.28M","4.63%"
"06/29/2020","50.28","50.06","50.28","48.44","49.91M","0.36%"
"06/26/2020","50.10","51.85","51.95","49.45","65.49M","-3.52%"
"06/25/2020","51.93","52.60","52.68","50.55","51.13M","-0.88%"
"06/24/2020","52.39","53.91","54.73","51.98","53.54M","-2.96%"
"06/23/2020","53.99","55.05","55.36","53.88","48.09M","-1.41%"
"06/22/2020","54.76","54.64","55.16","53.76","44.70M","0.98%"
"06/19/2020","54.23","54.41","55.46","53.81","52.80M","0.35%"
"06/18/2020","54.04","54.53","55.12","53.69","40.35M","-0.93%"
"06/17/2020","54.55","54.71","55.81","54.31","45.15M","0.17%"
"06/16/2020","54.46","55.82","56.05","53.64","50.95M","-0.40%"
"06/15/2020","54.68","52.51","54.72","52.42","56.74M","2.21%"
"06/12/2020","53.50","55.01","55.60","52.11","71.19M","1.27%"
"06/11/2020","52.83","55.94","56.66","52.82","78.72M","-8.03%"
"06/10/2020","57.44","57.38","59.00","57.05","78.72M","1.86%"
"06/09/2020","56.39","52.86","56.46","52.78","79.92M","6.46%"
"06/08/2020","52.97","53.33","53.33","52.30","39.68M","-0.24%"
"06/05/2020","53.10","52.99","53.57","52.08","53.91M","0.89%"
"06/04/2020","52.63","52.53","53.73","52.20","44.87M","-0.19%"
"06/03/2020","52.73","53.64","53.64","52.34","46.77M","-1.51%"
"06/02/2020","53.54","53.45","53.56","52.02","42.86M","-0.17%"
"06/01/2020","53.63","53.20","54.08","52.89","36.95M","-0.32%"
"05/29/2020","53.80","52.07","53.80","51.85","64.95M","3.98%"
"05/28/2020","51.74","52.18","53.53","51.26","53.75M","-1.90%"
"05/27/2020","52.74","53.24","53.24","49.12","102.41M","-0.85%"
"05/26/2020","53.19","56.02","56.02","53.02","51.62M","-3.59%"
"05/22/2020","55.17","54.77","55.37","53.78","43.52M","0.95%"
"05/21/2020","54.65","56.58","56.65","54.62","48.50M","-3.09%"
"05/20/2020","56.39","56.62","56.98","55.65","50.89M","1.66%"
"05/19/2020","55.47","54.48","56.72","54.44","60.39M","1.61%"
"05/18/2020","54.59","54.99","55.22","54.26","48.68M","0.72%"
"05/15/2020","54.20","53.32","54.43","52.88","66.95M","-0.57%"
"05/14/2020","54.51","52.15","54.52","51.63","73.81M","4.47%"
"05/13/2020","52.18","54.08","55.21","51.30","76.82M","-2.94%"
"05/12/2020","53.76","56.21","56.58","53.75","55.63M","-3.55%"
"05/11/2020","55.74","52.90","55.89","52.75","68.75M","4.79%"
"05/08/2020","53.19","52.15","53.27","51.81","40.77M","2.39%"
"05/07/2020","51.95","52.93","52.97","51.62","48.96M","-0.40%"
"05/06/2020","52.16","52.42","53.31","51.88","48.14M","-0.06%"
"05/05/2020","52.19","53.43","53.51","51.29","56.56M","-0.70%"
"05/04/2020","52.56","49.81","52.61","49.73","62.59M","5.37%"
"05/01/2020","49.88","51.07","51.95","49.09","69.56M","-4.79%"
"04/30/2020","52.39","53.43","54.29","52.03","65.54M","-2.37%"
"04/29/2020","53.66","54.53","54.86","52.74","110.80M","-3.33%"
"04/28/2020","55.51","57.16","57.35","55.30","80.50M","-1.73%"
"04/27/2020","56.49","57.44","58.00","56.25","62.57M","0.55%"
"04/24/2020","56.18","55.10","56.78","54.42","72.86M","0.50%"
"04/23/2020","55.90","56.65","57.28","55.64","69.66M","-0.04%"
"04/22/2020","55.92","54.91","56.15","54.34","63.16M","5.67%"
"04/21/2020","52.92","56.90","57.73","51.41","123.91M","-7.11%"
"04/20/2020","56.97","55.98","58.63","55.85","72.37M","0.65%"
"04/17/2020","56.60","57.35","57.76","55.55","76.91M","-0.61%"
"04/16/2020","56.95","55.96","58.08","55.63","103.11M","3.56%"
"04/15/2020","54.99","53.73","55.57","53.41","83.81M","0.11%"
"04/14/2020","54.93","52.24","55.14","52.11","85.31M","7.83%"
"04/13/2020","50.94","48.47","51.07","48.23","64.29M","5.29%"
"04/09/2020","48.38","49.65","50.25","47.72","80.36M","-0.84%"
"04/08/2020","48.79","48.07","49.00","47.61","64.93M","2.59%"
"04/07/2020","47.56","48.96","49.65","46.67","102.10M","0.08%"
"04/06/2020","47.52","44.30","47.58","44.06","82.29M","11.58%"
"04/03/2020","42.59","44.30","44.84","41.70","79.34M","-4.27%"
"04/02/2020","44.49","43.40","45.28","43.10","79.02M","1.90%"
"04/01/2020","43.66","44.18","46.85","43.16","92.08M","-4.00%"
"03/31/2020","45.48","47.92","48.53","45.16","83.48M","-4.97%"
"03/30/2020","47.86","47.24","48.46","46.66","68.49M","2.75%"
"03/27/2020","46.58","46.18","47.97","45.92","74.60M","-1.94%"
"03/26/2020","47.50","45.82","47.50","45.41","73.92M","6.43%"
"03/25/2020","44.63","46.77","47.83","44.48","93.76M","-3.44%"
"03/24/2020","46.22","44.02","46.80","44.02","106.79M","11.00%"
"03/23/2020","41.64","40.62","42.32","38.95","101.71M","5.12%"
"03/20/2020","39.61","41.51","42.48","39.58","106.86M","-0.53%"
"03/19/2020","39.82","39.47","41.69","37.74","88.94M","1.79%"
"03/18/2020","39.12","39.54","41.93","36.76","106.95M","-6.59%"
"03/17/2020","41.88","40.19","42.88","38.30","92.74M","8.19%"
"03/16/2020","38.71","39.08","43.37","38.51","84.55M","-11.82%"
"03/13/2020","43.90","42.20","43.91","39.60","86.69M","12.54%"
"03/12/2020","39.01","42.00","42.50","39.00","107.46M","-14.64%"
"03/11/2020","45.70","44.19","45.97","43.80","102.32M","0.71%"
"03/10/2020","45.38","45.41","45.44","43.10","76.23M","4.88%"
"03/09/2020","43.27","43.03","46.34","42.51","80.86M","-10.95%"
"03/06/2020","48.59","49.44","49.54","46.74","124.59M","1.00%"
"03/05/2020","48.11","48.68","49.72","47.51","98.30M","-3.99%"
"03/04/2020","50.11","48.25","50.14","47.21","93.31M","7.19%"
"03/03/2020","46.75","49.03","50.20","45.67","141.97M","-1.50%"
"03/02/2020","47.46","47.42","47.68","44.66","102.33M","4.35%"
"02/28/2020","45.48","41.35","46.15","41.04","100.67M","3.34%"
"02/27/2020","44.01","45.38","46.24","42.21","106.42M","-7.33%"
"02/26/2020","47.49","47.70","49.29","47.07","86.90M","-0.17%"
"02/25/2020","47.57","51.14","51.24","47.12","88.70M","-3.16%"
"02/24/2020","49.12","48.17","50.27","47.49","86.62M","-7.81%"
"02/21/2020","53.28","56.71","56.80","52.89","88.55M","-6.97%"
"02/20/2020","57.27","58.44","59.02","56.15","74.20M","-2.77%"
"02/19/2020","58.90","57.99","59.27","57.51","58.60M","3.53%"
"02/18/2020","56.89","54.94","58.13","54.84","70.35M","2.86%"
"02/14/2020","55.31","55.19","55.40","54.56","52.37M","1.43%"
"02/13/2020","54.53","53.43","55.03","53.34","51.64M","1.19%"
"02/12/2020","53.89","54.53","54.85","53.53","46.00M","0.17%"
"02/11/2020","53.80","53.22","54.48","52.91","74.72M","2.95%"
"02/10/2020","52.26","49.47","52.30","49.35","60.97M","5.09%"
"02/07/2020","49.73","48.91","50.66","48.63","53.11M","0.83%"
"02/06/2020","49.32","48.80","49.39","47.63","48.67M","-1.04%"
"02/05/2020","49.84","50.29","50.42","49.31","42.74M","0.79%"
"02/04/2020","49.45","49.21","49.75","48.61","46.30M","2.98%"
"02/03/2020","48.02","46.40","48.10","46.23","47.08M","2.17%"
"01/31/2020","47.00","48.40","48.58","46.79","60.32M","-3.65%"
"01/30/2020","48.78","46.49","48.81","46.13","70.46M","2.67%"
"01/29/2020","47.51","47.84","48.07","46.10","112.56M","-5.98%"
"01/28/2020","50.53","50.03","50.85","49.48","62.34M","2.58%"
"01/27/2020","49.26","48.45","49.79","47.90","48.88M","-2.16%"
"01/24/2020","50.35","52.28","52.81","49.47","80.01M","-2.63%"
"01/23/2020","51.71","51.34","51.74","50.74","40.14M","0.54%"
"01/22/2020","51.43","51.63","51.88","51.20","40.77M","0.74%"
"01/21/2020","51.05","50.96","51.81","50.70","49.10M","0.24%"
"01/17/2020","50.93","50.20","51.05","49.90","57.72M","2.33%"
"01/16/2020","49.77","49.17","50.31","48.99","58.90M","2.51%"
"01/15/2020","48.55","48.23","49.08","48.12","40.20M","0.71%"
"01/14/2020","48.21","48.64","49.03","47.91","38.69M","-1.09%"
"01/13/2020","48.74","48.66","48.86","48.24","34.48M","1.20%"
"01/10/2020","48.16","49.26","49.29","48.00","44.22M","-1.65%"
"01/09/2020","48.97","48.94","49.96","48.39","76.65M","2.38%"
"01/08/2020","47.83","47.85","48.30","47.14","53.87M","-0.87%"
"01/07/2020","48.25","49.35","49.39","48.04","59.94M","-0.29%"
"01/06/2020","48.39","48.02","48.86","47.86","48.18M","-0.43%"
"01/03/2020","48.60","48.03","49.39","47.54","73.36M","-1.02%"
"01/02/2020","49.10","46.86","49.25","46.63","80.77M","7.06%"